,date,开盘,收盘,最高,最低,Close_Lag1,Close_Lag2
0,2017-05-12,8.68,8.9,8.9,8.64,8.7,8.67
1,2017-05-15,8.89,8.86,8.95,8.81,8.9,8.7
2,2017-05-16,8.84,8.84,8.85,8.73,8.86,8.9
3,2017-05-17,8.81,8.77,8.81,8.75,8.84,8.86
4,2017-05-18,8.72,8.73,8.77,8.71,8.77,8.84
5,2017-05-19,8.74,8.69,8.76,8.68,8.73,8.77
6,2017-05-22,8.68,8.68,8.73,8.61,8.69,8.73
7,2017-05-23,8.67,8.79,8.84,8.64,8.68,8.69
8,2017-05-24,8.78,8.81,8.83,8.68,8.79,8.68
9,2017-05-25,8.79,9.1,9.14,8.78,8.81,8.79
10,2017-05-26,9.08,9.1,9.13,9.04,9.1,8.81
11,2017-05-31,9.1,9.2,9.23,9.06,9.1,9.1
12,2017-06-01,9.2,9.19,9.23,9.12,9.2,9.1
13,2017-06-02,9.18,9.17,9.29,9.14,9.19,9.2
14,2017-06-05,9.13,9.03,9.17,8.99,9.17,9.19
15,2017-06-06,9.01,9.04,9.06,8.99,9.03,9.17
16,2017-06-07,9.02,9.13,9.15,9.01,9.04,9.03
17,2017-06-08,9.11,9.13,9.15,9.08,9.13,9.04
18,2017-06-09,9.15,9.15,9.22,9.12,9.13,9.13
19,2017-06-12,9.15,9.11,9.19,9.1,9.15,9.13
20,2017-06-13,9.11,9.12,9.14,9.05,9.11,9.15
21,2017-06-14,9.12,9.08,9.13,9.04,9.12,9.11
22,2017-06-15,9.08,9.04,9.08,9.03,9.08,9.12
23,2017-06-16,9.04,9.02,9.08,9.01,9.04,9.08
24,2017-06-19,9.03,9.13,9.15,9.02,9.02,9.04
25,2017-06-20,9.12,9.12,9.16,9.09,9.13,9.02
26,2017-06-21,9.17,9.15,9.18,9.11,9.12,9.13
27,2017-06-22,9.15,9.25,9.4,9.14,9.15,9.12
28,2017-06-23,9.23,9.25,9.27,9.16,9.25,9.15
29,2017-06-26,9.26,9.3,9.4,9.26,9.25,9.25
30,2017-06-27,9.3,9.36,9.39,9.27,9.3,9.25
31,2017-06-28,9.35,9.43,9.49,9.33,9.36,9.3
32,2017-06-29,9.43,9.43,9.45,9.37,9.43,9.36
33,2017-06-30,9.4,9.39,9.43,9.31,9.43,9.43
34,2017-07-03,9.4,9.4,9.43,9.34,9.39,9.43
35,2017-07-04,9.4,9.34,9.41,9.3,9.4,9.39
36,2017-07-05,9.29,9.37,9.38,9.27,9.34,9.4
37,2017-07-06,9.36,9.4,9.41,9.31,9.37,9.34
38,2017-07-07,9.37,9.47,9.48,9.34,9.4,9.37
39,2017-07-10,9.45,9.59,9.66,9.44,9.47,9.4
40,2017-07-11,9.61,10.25,10.46,9.61,9.59,9.47
41,2017-07-12,10.27,10.34,10.58,10.2,10.25,9.59
42,2017-07-13,10.3,10.9,10.9,10.24,10.34,10.25
43,2017-07-14,10.81,10.9,10.94,10.66,10.9,10.34
44,2017-07-17,10.95,10.81,11.33,10.72,10.9,10.9
45,2017-07-18,10.75,11.05,11.14,10.62,10.81,10.9
46,2017-07-19,10.99,11.09,11.19,10.88,11.05,10.81
47,2017-07-20,11.08,10.97,11.22,10.91,11.09,11.05
48,2017-07-21,10.83,10.89,10.95,10.69,10.97,11.09
49,2017-07-24,10.82,10.95,11.06,10.73,10.89,10.97
50,2017-07-25,10.98,11.0,11.27,10.95,10.95,10.89
51,2017-07-26,10.92,10.74,11.18,10.66,11.0,10.95
52,2017-07-27,10.72,10.59,10.77,10.53,10.74,11.0
53,2017-07-28,10.61,10.74,10.81,10.58,10.59,10.74
54,2017-07-31,10.8,10.67,10.82,10.45,10.74,10.59
55,2017-08-01,10.64,11.04,11.08,10.6,10.67,10.74
56,2017-08-02,11.05,11.15,11.34,10.96,11.04,10.67
57,2017-08-03,11.14,11.01,11.22,10.97,11.15,11.04
58,2017-08-04,11.0,11.17,11.29,10.93,11.01,11.15
59,2017-08-07,11.06,11.0,11.17,10.9,11.17,11.01
60,2017-08-08,11.0,11.05,11.11,10.91,11.0,11.17
61,2017-08-09,10.96,10.73,11.02,10.68,11.05,11.0
62,2017-08-10,10.7,10.62,10.82,10.54,10.73,11.05
63,2017-08-11,10.48,10.02,10.54,9.99,10.62,10.73
64,2017-08-14,10.13,10.22,10.25,10.04,10.02,10.62
65,2017-08-15,10.24,10.31,10.51,10.21,10.22,10.02
66,2017-08-16,10.29,10.34,10.37,10.15,10.31,10.22
67,2017-08-17,10.35,10.42,10.42,10.29,10.34,10.31
68,2017-08-18,10.36,10.44,10.6,10.29,10.42,10.34
69,2017-08-21,10.43,10.46,10.52,10.39,10.44,10.42
70,2017-08-22,10.48,10.65,10.66,10.37,10.46,10.44
71,2017-08-23,10.63,10.9,10.98,10.59,10.65,10.46
72,2017-08-24,10.89,10.93,11.11,10.84,10.9,10.65
73,2017-08-25,10.94,11.11,11.17,10.9,10.93,10.9
74,2017-08-28,11.1,11.35,11.54,11.1,11.11,10.93
75,2017-08-29,11.3,11.67,11.74,11.28,11.35,11.11
76,2017-08-30,11.68,11.43,11.7,11.35,11.67,11.35
77,2017-08-31,11.39,11.28,11.44,11.15,11.43,11.67
78,2017-09-01,11.28,11.21,11.39,11.15,11.28,11.43
79,2017-09-04,11.18,11.72,11.72,11.17,11.21,11.28
80,2017-09-05,11.68,11.64,11.94,11.6,11.72,11.21
81,2017-09-06,11.59,11.7,11.88,11.48,11.64,11.72
82,2017-09-07,11.65,11.44,11.75,11.39,11.7,11.64
83,2017-09-08,11.46,11.49,11.64,11.38,11.44,11.7
84,2017-09-11,11.54,11.38,11.69,11.3,11.49,11.44
85,2017-09-12,11.38,11.54,11.54,11.27,11.38,11.49
86,2017-09-13,11.49,11.43,11.54,11.34,11.54,11.38
87,2017-09-14,11.43,11.32,11.59,11.24,11.43,11.54
88,2017-09-15,11.29,11.29,11.32,11.15,11.32,11.43
89,2017-09-18,11.25,11.25,11.32,11.2,11.29,11.32
90,2017-09-19,11.25,11.13,11.34,11.08,11.25,11.29
91,2017-09-20,11.14,11.29,11.37,11.05,11.13,11.25
92,2017-09-21,11.26,11.46,11.51,11.2,11.29,11.13
93,2017-09-22,11.43,11.44,11.52,11.31,11.46,11.29
94,2017-09-25,11.44,11.29,11.45,11.18,11.44,11.46
95,2017-09-26,11.26,11.05,11.3,10.96,11.29,11.44
96,2017-09-27,11.01,10.93,11.08,10.9,11.05,11.29
97,2017-09-28,10.98,10.88,10.98,10.82,10.93,11.05
98,2017-09-29,10.92,11.11,11.16,10.86,10.88,10.93
99,2017-10-09,11.57,11.3,11.64,11.26,11.11,10.88
100,2017-10-10,11.33,11.47,11.5,11.33,11.3,11.11
101,2017-10-11,11.48,11.53,11.58,11.34,11.47,11.3
102,2017-10-12,11.54,11.55,11.58,11.47,11.53,11.47
103,2017-10-13,11.56,11.36,11.56,11.25,11.55,11.53
104,2017-10-16,11.36,11.59,11.6,11.29,11.36,11.55
105,2017-10-17,11.62,11.51,11.65,11.48,11.59,11.36
106,2017-10-18,11.53,11.69,11.7,11.51,11.51,11.59
107,2017-10-19,11.64,11.63,11.72,11.57,11.69,11.51
108,2017-10-20,11.59,11.48,11.59,11.41,11.63,11.69
109,2017-10-23,11.39,11.19,11.4,11.15,11.48,11.63
110,2017-10-24,11.2,11.39,11.42,11.18,11.19,11.48
111,2017-10-25,11.36,11.27,11.37,11.25,11.39,11.19
112,2017-10-26,11.25,11.18,11.32,11.12,11.27,11.39
113,2017-10-27,11.19,11.56,11.56,11.18,11.18,11.27
114,2017-10-30,11.55,11.56,11.73,11.45,11.56,11.18
115,2017-10-31,11.55,11.54,11.58,11.39,11.56,11.56
116,2017-11-01,11.56,11.4,11.59,11.32,11.54,11.56
117,2017-11-02,11.36,11.54,11.58,11.26,11.4,11.54
118,2017-11-03,11.49,11.39,11.68,11.35,11.54,11.4
119,2017-11-06,11.42,11.28,11.42,11.09,11.39,11.54
120,2017-11-07,11.27,11.92,12.09,11.25,11.28,11.39
121,2017-11-08,12.0,12.13,12.59,11.93,11.92,11.28
122,2017-11-09,12.2,12.33,12.57,12.15,12.13,11.92
123,2017-11-10,12.37,12.3,12.55,12.15,12.33,12.13
124,2017-11-13,12.35,12.9,13.1,12.35,12.3,12.33
125,2017-11-14,12.95,12.95,13.26,12.81,12.9,12.3
126,2017-11-15,12.9,12.9,13.13,12.77,12.95,12.9
127,2017-11-16,12.9,13.1,13.12,12.67,12.9,12.95
128,2017-11-17,13.17,13.18,13.46,13.03,13.1,12.9
129,2017-11-20,13.13,14.25,14.25,13.05,13.18,13.1
130,2017-11-21,14.07,14.45,14.79,14.01,14.25,13.18
131,2017-11-22,14.48,15.1,15.24,14.48,14.45,14.25
132,2017-11-23,15.15,14.35,15.24,14.07,15.1,14.45
133,2017-11-24,14.29,14.56,14.59,13.78,14.35,15.1
134,2017-11-27,14.3,13.93,14.3,13.75,14.56,14.35
135,2017-11-28,13.85,13.7,13.85,13.4,13.93,14.56
136,2017-11-29,13.73,13.82,13.93,13.47,13.7,13.93
137,2017-11-30,13.7,13.38,13.73,13.26,13.82,13.7
138,2017-12-01,13.4,13.0,13.48,12.96,13.38,13.82
139,2017-12-04,13.05,13.3,13.37,13.0,13.0,13.38
140,2017-12-05,13.15,13.3,13.49,13.1,13.3,13.0
141,2017-12-06,13.26,13.08,13.27,12.79,13.3,13.3
142,2017-12-07,13.05,12.83,13.14,12.75,13.08,13.3
143,2017-12-08,12.89,13.09,13.09,12.75,12.83,13.08
144,2017-12-11,13.08,13.5,13.57,12.88,13.09,12.83
145,2017-12-12,13.4,13.02,13.48,13.02,13.5,13.09
146,2017-12-13,13.0,13.13,13.2,12.88,13.02,13.5
147,2017-12-14,13.15,13.0,13.31,12.91,13.13,13.02
148,2017-12-15,12.9,12.72,12.93,12.67,13.0,13.13
149,2017-12-18,12.73,12.75,12.91,12.64,12.72,13.0
150,2017-12-19,12.79,13.28,13.32,12.74,12.75,12.72
151,2017-12-20,13.2,13.26,13.31,13.13,13.28,12.75
152,2017-12-21,13.18,13.54,13.68,13.16,13.26,13.28
153,2017-12-22,13.5,13.52,13.63,13.45,13.54,13.26
154,2017-12-25,13.52,13.25,13.86,13.16,13.52,13.54
155,2017-12-26,13.26,13.66,13.69,13.19,13.25,13.52
156,2017-12-27,13.58,13.29,13.78,13.19,13.66,13.25
157,2017-12-28,13.28,13.21,13.46,13.02,13.29,13.66
158,2017-12-29,13.21,13.3,13.43,13.1,13.21,13.29
159,2018-01-02,13.35,13.7,13.93,13.32,13.3,13.21
160,2018-01-03,13.73,13.33,13.86,13.2,13.7,13.3
161,2018-01-04,13.32,13.25,13.37,13.13,13.33,13.7
162,2018-01-05,13.21,13.3,13.35,13.15,13.25,13.33
163,2018-01-08,13.25,12.96,13.29,12.86,13.3,13.25
164,2018-01-09,12.96,13.08,13.2,12.92,12.96,13.3
165,2018-01-10,13.04,13.47,13.49,12.92,13.08,12.96
166,2018-01-11,13.41,13.4,13.59,13.27,13.47,13.08
167,2018-01-12,13.45,13.55,13.68,13.41,13.4,13.47
168,2018-01-15,13.51,14.2,14.33,13.5,13.55,13.4
169,2018-01-16,14.17,14.2,14.38,14.02,14.2,13.55
170,2018-01-17,14.33,14.23,14.8,14.2,14.2,14.2
171,2018-01-18,14.4,14.72,14.72,14.28,14.23,14.2
172,2018-01-19,14.8,14.8,15.13,14.68,14.72,14.23
173,2018-01-22,14.6,14.44,14.94,14.43,14.8,14.72
174,2018-01-23,14.36,14.65,14.9,14.33,14.44,14.8
175,2018-01-24,14.66,14.64,15.08,14.5,14.65,14.44
176,2018-01-25,14.45,14.2,14.47,14.0,14.64,14.65
177,2018-01-26,14.18,14.05,14.34,14.02,14.2,14.64
178,2018-01-29,14.05,13.74,14.25,13.6,14.05,14.2
179,2018-01-30,13.7,13.65,13.84,13.55,13.74,14.05
180,2018-01-31,13.6,14.05,14.05,13.53,13.65,13.74
181,2018-02-01,13.95,14.03,14.3,13.84,14.05,13.65
182,2018-02-02,13.91,14.05,14.1,13.63,14.03,14.05
183,2018-02-05,13.8,14.55,14.57,13.73,14.05,14.03
184,2018-02-06,14.23,14.0,14.33,13.93,14.55,14.05
185,2018-02-07,14.22,12.92,14.3,12.76,14.0,14.55
186,2018-02-08,12.83,12.54,12.92,12.53,12.92,14.0
187,2018-02-09,12.08,11.69,12.08,11.38,12.54,12.92
188,2018-02-12,11.78,11.72,11.84,11.56,11.69,12.54
189,2018-02-13,11.87,11.94,12.21,11.84,11.72,11.69
190,2018-02-14,11.96,12.0,12.03,11.76,11.94,11.72
191,2018-02-22,12.25,12.46,12.53,12.25,12.0,11.94
192,2018-02-23,12.58,12.61,12.79,12.45,12.46,12.0
193,2018-02-26,12.77,12.63,12.85,12.45,12.61,12.46
194,2018-02-27,12.64,12.28,12.7,12.19,12.63,12.61
195,2018-02-28,12.1,12.05,12.19,11.93,12.28,12.63
196,2018-03-01,11.92,12.04,12.15,11.9,12.05,12.28
197,2018-03-02,11.92,11.95,12.04,11.85,12.04,12.05
198,2018-03-05,11.93,11.86,12.08,11.8,11.95,12.04
199,2018-03-06,11.95,12.1,12.11,11.77,11.86,11.95
200,2018-03-07,12.15,12.05,12.34,12.04,12.1,11.86
201,2018-03-08,12.05,12.11,12.15,11.95,12.05,12.1
202,2018-03-09,12.15,12.09,12.2,11.98,12.11,12.05
203,2018-03-12,12.15,12.03,12.17,11.95,12.09,12.11
204,2018-03-13,12.04,12.02,12.22,12.0,12.03,12.09
205,2018-03-14,11.98,11.92,12.0,11.83,12.02,12.03
206,2018-03-15,11.79,11.71,11.85,11.66,11.92,12.02
207,2018-03-16,11.72,11.64,11.85,11.64,11.71,11.92
208,2018-03-19,11.66,11.83,11.84,11.61,11.64,11.71
209,2018-03-20,11.74,11.82,11.88,11.72,11.83,11.64
210,2018-03-21,11.95,11.9,12.12,11.85,11.82,11.83
211,2018-03-22,11.9,11.66,11.97,11.62,11.9,11.82
212,2018-03-23,11.25,11.34,11.35,10.92,11.66,11.9
213,2018-03-26,11.15,10.93,11.2,10.86,11.34,11.66
214,2018-03-27,11.1,10.94,11.17,10.86,10.93,11.34
215,2018-03-28,10.85,10.89,11.14,10.79,10.94,10.93
216,2018-03-29,10.92,11.05,11.17,10.55,10.89,10.94
217,2018-03-30,11.04,10.9,11.05,10.88,11.05,10.89
218,2018-04-02,10.87,10.71,10.99,10.7,10.9,11.05
219,2018-04-03,10.6,10.56,10.67,10.51,10.71,10.9
220,2018-04-04,10.68,10.87,11.01,10.6,10.56,10.71
221,2018-04-09,10.8,11.02,11.1,10.73,10.87,10.56
222,2018-04-10,11.02,11.42,11.46,10.97,11.02,10.87
223,2018-04-11,11.39,11.83,11.92,11.38,11.42,11.02
224,2018-04-12,11.8,11.52,11.83,11.42,11.83,11.42
225,2018-04-13,11.64,11.57,11.79,11.45,11.52,11.83
226,2018-04-16,11.47,11.1,11.47,11.03,11.57,11.52
227,2018-04-17,11.12,11.21,11.45,11.11,11.1,11.57
228,2018-04-18,11.45,11.5,11.61,11.28,11.21,11.1
229,2018-04-19,11.52,11.47,11.69,11.42,11.5,11.21
230,2018-04-20,11.51,11.35,11.58,11.2,11.47,11.5
231,2018-04-23,11.3,11.57,11.61,11.26,11.35,11.47
232,2018-04-24,11.63,11.86,11.94,11.58,11.57,11.35
233,2018-04-25,11.76,11.68,11.81,11.63,11.86,11.57
234,2018-04-26,11.66,11.42,11.69,11.31,11.68,11.86
235,2018-04-27,11.49,10.85,11.51,10.63,11.42,11.68
236,2018-05-02,10.97,10.88,11.03,10.8,10.85,11.42
237,2018-05-03,10.86,10.75,10.88,10.57,10.88,10.85
238,2018-05-04,10.73,10.68,10.83,10.66,10.75,10.88
239,2018-05-07,10.7,10.81,10.83,10.64,10.68,10.75
240,2018-05-08,10.83,11.01,11.15,10.8,10.81,10.68
241,2018-05-09,10.98,10.97,11.03,10.88,11.01,10.81
242,2018-05-10,11.03,11.01,11.09,10.91,10.97,11.01
243,2018-05-11,11.04,11.01,11.13,10.96,11.01,10.97
244,2018-05-14,11.09,11.18,11.23,11.03,11.01,11.01
245,2018-05-15,11.18,11.12,11.19,11.02,11.18,11.01
246,2018-05-16,11.07,10.9,11.07,10.89,11.12,11.18
247,2018-05-17,10.91,10.82,10.94,10.78,10.9,11.12
248,2018-05-18,10.81,10.96,10.97,10.76,10.82,10.9
249,2018-05-21,11.07,10.95,11.11,10.93,10.96,10.82
250,2018-05-22,10.95,10.86,10.98,10.79,10.95,10.96
251,2018-05-23,10.82,10.65,10.82,10.62,10.86,10.95
252,2018-05-24,10.66,10.61,10.68,10.58,10.65,10.86
253,2018-05-25,10.61,10.59,10.67,10.55,10.61,10.65
254,2018-05-28,10.58,10.59,10.66,10.51,10.59,10.61
255,2018-05-29,10.58,10.38,10.63,10.35,10.59,10.59
256,2018-05-30,10.29,10.08,10.29,10.05,10.38,10.59
257,2018-05-31,10.11,10.18,10.19,10.02,10.08,10.38
258,2018-06-01,10.15,10.19,10.29,10.07,10.18,10.08
259,2018-06-04,10.23,10.27,10.31,10.15,10.19,10.18
260,2018-06-05,10.29,10.26,10.3,10.11,10.27,10.19
261,2018-06-06,10.25,10.14,10.26,10.1,10.26,10.27
262,2018-06-07,10.2,10.37,10.46,10.18,10.14,10.26
263,2018-06-08,10.33,10.12,10.33,10.06,10.37,10.14
264,2018-06-11,10.06,10.04,10.13,10.0,10.12,10.37
265,2018-06-12,10.03,10.06,10.08,9.95,10.04,10.12
266,2018-06-13,10.04,9.95,10.06,9.95,10.06,10.04
267,2018-06-14,9.95,10.07,10.15,9.92,9.95,10.06
268,2018-06-15,10.08,10.17,10.29,10.06,10.07,9.95
269,2018-06-19,10.05,9.87,10.15,9.82,10.17,10.07
270,2018-06-20,9.87,9.91,9.95,9.76,9.87,10.17
271,2018-06-21,9.93,9.86,10.04,9.86,9.91,9.87
272,2018-06-22,9.8,9.85,9.87,9.77,9.86,9.91
273,2018-06-25,9.91,9.46,9.92,9.38,9.85,9.86
274,2018-06-26,9.39,9.36,9.44,9.09,9.46,9.85
275,2018-06-27,9.31,9.09,9.4,9.03,9.36,9.46
276,2018-06-28,8.95,8.92,9.08,8.87,9.09,9.36
277,2018-06-29,9.01,9.09,9.13,8.96,8.92,9.09
278,2018-07-02,9.05,8.61,9.05,8.55,9.09,8.92
279,2018-07-03,8.69,8.67,8.7,8.45,8.61,9.09
280,2018-07-04,8.63,8.61,8.75,8.61,8.67,8.61
281,2018-07-05,8.62,8.6,8.73,8.55,8.61,8.67
282,2018-07-06,8.61,8.66,8.78,8.45,8.6,8.61
283,2018-07-09,8.69,9.03,9.03,8.68,8.66,8.6
284,2018-07-10,9.02,8.98,9.02,8.89,9.03,8.66
285,2018-07-11,8.76,8.78,8.83,8.68,8.98,9.03
286,2018-07-12,8.6,8.88,8.97,8.58,8.78,8.98
287,2018-07-13,8.92,8.88,8.94,8.82,8.88,8.78
288,2018-07-16,8.85,8.73,8.9,8.69,8.88,8.88
289,2018-07-17,8.74,8.72,8.75,8.66,8.73,8.88
290,2018-07-18,8.75,8.7,8.85,8.69,8.72,8.73
291,2018-07-19,8.75,8.73,8.81,8.69,8.7,8.72
292,2018-07-20,8.73,9.11,9.2,8.61,8.73,8.7
293,2018-07-23,9.04,9.42,9.45,9.0,9.11,8.73
294,2018-07-24,9.39,9.4,9.59,9.33,9.42,9.11
295,2018-07-25,9.44,9.38,9.47,9.33,9.4,9.42
296,2018-07-26,9.4,9.25,9.48,9.21,9.38,9.4
297,2018-07-27,9.3,9.25,9.36,9.18,9.25,9.38
298,2018-07-30,9.32,9.39,9.49,9.26,9.25,9.25
299,2018-07-31,9.37,9.42,9.49,9.25,9.39,9.25
300,2018-08-01,9.42,9.15,9.5,9.11,9.42,9.39
301,2018-08-02,9.13,8.94,9.15,8.88,9.15,9.42
302,2018-08-03,8.93,8.91,9.1,8.91,8.94,9.15
303,2018-08-06,8.94,8.94,9.11,8.89,8.91,8.94
304,2018-08-07,8.96,9.17,9.17,8.88,8.94,8.91
305,2018-08-08,9.16,9.05,9.16,9.04,9.17,8.94
306,2018-08-09,9.04,9.29,9.35,9.02,9.05,9.17
307,2018-08-10,9.3,9.23,9.32,9.16,9.29,9.05
308,2018-08-13,9.12,9.05,9.16,8.9,9.23,9.29
309,2018-08-14,9.03,9.0,9.04,8.94,9.05,9.23
310,2018-08-15,9.02,8.79,9.02,8.75,9.0,9.05
311,2018-08-16,8.73,8.78,8.89,8.64,8.79,9.0
312,2018-08-17,8.88,8.81,8.94,8.78,8.78,8.79
313,2018-08-20,8.9,9.0,9.02,8.87,8.81,8.78
314,2018-08-21,9.02,9.23,9.26,9.01,9.0,8.81
315,2018-08-22,9.24,9.29,9.34,9.13,9.23,9.0
316,2018-08-23,9.3,9.36,9.42,9.23,9.29,9.23
317,2018-08-24,9.31,10.03,10.28,9.29,9.36,9.29
318,2018-08-27,10.02,10.43,10.43,9.97,10.03,9.36
319,2018-08-28,10.34,10.29,10.43,10.24,10.43,10.03
320,2018-08-29,10.25,10.27,10.33,10.15,10.29,10.43
321,2018-08-30,10.27,10.12,10.35,10.08,10.27,10.29
322,2018-08-31,10.13,10.13,10.32,10.1,10.12,10.27
323,2018-09-03,10.09,10.19,10.3,10.09,10.13,10.12
324,2018-09-04,10.2,10.43,10.55,10.07,10.19,10.13
325,2018-09-05,10.3,10.05,10.33,10.05,10.43,10.19
326,2018-09-06,10.05,9.97,10.14,9.95,10.05,10.43
327,2018-09-07,10.04,10.01,10.18,9.93,9.97,10.05
328,2018-09-10,10.01,9.88,10.07,9.84,10.01,9.97
329,2018-09-11,9.9,9.91,10.03,9.81,9.88,10.01
330,2018-09-12,9.87,9.88,9.97,9.82,9.91,9.88
331,2018-09-13,10.09,9.96,10.1,9.84,9.88,9.91
332,2018-09-14,9.98,9.84,9.98,9.81,9.96,9.88
333,2018-09-17,9.8,9.69,9.8,9.68,9.84,9.96
334,2018-09-18,9.73,10.08,10.12,9.7,9.69,9.84
335,2018-09-19,10.03,10.24,10.34,10.03,10.08,9.69
336,2018-09-20,10.27,10.23,10.36,10.19,10.24,10.08
337,2018-09-21,10.26,10.67,10.7,10.18,10.23,10.24
338,2018-09-25,10.52,10.55,10.68,10.48,10.67,10.23
339,2018-09-26,10.61,10.71,10.92,10.52,10.55,10.67
340,2018-09-27,10.65,10.74,10.84,10.57,10.71,10.55
341,2018-09-28,10.78,11.05,11.27,10.78,10.74,10.71
342,2018-10-08,10.7,10.45,10.79,10.45,11.05,10.74
343,2018-10-09,10.46,10.56,10.7,10.39,10.45,11.05
344,2018-10-10,10.54,10.45,10.66,10.38,10.56,10.45
345,2018-10-11,10.05,9.86,10.16,9.7,10.45,10.56
346,2018-10-12,9.97,10.3,10.34,9.87,9.86,10.45
347,2018-10-15,10.39,10.11,10.47,10.09,10.3,9.86
348,2018-10-16,10.14,10.37,10.54,10.12,10.11,10.3
349,2018-10-17,10.5,10.33,10.55,10.14,10.37,10.11
350,2018-10-18,10.29,10.09,10.29,10.06,10.33,10.37
351,2018-10-19,9.95,10.76,10.78,9.92,10.09,10.33
352,2018-10-22,10.81,11.15,11.46,10.78,10.76,10.09
353,2018-10-23,11.2,10.84,11.22,10.73,11.15,10.76
354,2018-10-24,10.9,11.04,11.33,10.8,10.84,11.15
355,2018-10-25,10.8,11.29,11.29,10.71,11.04,10.84
356,2018-10-26,11.29,11.18,11.31,10.96,11.29,11.04
357,2018-10-29,11.2,10.75,11.24,10.62,11.18,11.29
358,2018-10-30,10.78,10.9,11.08,10.73,10.75,11.18
359,2018-10-31,10.95,10.91,10.99,10.75,10.9,10.75
360,2018-11-01,10.99,10.83,11.05,10.76,10.91,10.9
361,2018-11-02,11.04,11.09,11.16,10.83,10.83,10.91
362,2018-11-05,10.95,10.92,11.04,10.82,11.09,10.83
363,2018-11-06,10.87,10.84,10.93,10.73,10.92,11.09
364,2018-11-07,10.83,10.81,10.95,10.75,10.84,10.92
365,2018-11-08,10.88,10.89,10.97,10.82,10.81,10.84
366,2018-11-09,10.71,10.55,10.73,10.4,10.89,10.81
367,2018-11-12,10.46,10.56,10.58,10.38,10.55,10.89
368,2018-11-13,10.41,10.54,10.65,10.38,10.56,10.55
369,2018-11-14,10.53,10.44,10.55,10.42,10.54,10.56
370,2018-11-15,10.44,10.62,10.64,10.42,10.44,10.54
371,2018-11-16,10.61,10.57,10.72,10.49,10.62,10.44
372,2018-11-19,10.57,10.85,10.88,10.57,10.57,10.62
373,2018-11-20,10.75,10.57,10.8,10.52,10.85,10.57
374,2018-11-21,10.5,10.61,10.67,10.48,10.57,10.85
375,2018-11-22,10.67,10.55,10.67,10.48,10.61,10.57
376,2018-11-23,10.53,10.32,10.58,10.31,10.55,10.61
377,2018-11-26,10.34,10.34,10.46,10.3,10.32,10.55
378,2018-11-27,10.35,10.18,10.39,10.16,10.34,10.32
379,2018-11-28,10.17,10.28,10.31,10.16,10.18,10.34
380,2018-11-29,10.35,10.2,10.39,10.19,10.28,10.18
381,2018-11-30,10.22,10.36,10.36,10.17,10.2,10.28
382,2018-12-03,10.59,10.59,10.66,10.47,10.36,10.2
383,2018-12-04,10.57,10.59,10.62,10.53,10.59,10.36
384,2018-12-05,10.49,10.45,10.51,10.4,10.59,10.59
385,2018-12-06,10.36,10.25,10.37,10.23,10.45,10.59
386,2018-12-07,10.3,10.28,10.39,10.27,10.25,10.45
387,2018-12-10,10.22,10.17,10.27,10.13,10.28,10.25
388,2018-12-11,10.21,10.23,10.26,10.17,10.17,10.28
389,2018-12-12,10.3,10.24,10.32,10.2,10.23,10.17
390,2018-12-13,10.25,10.39,10.48,10.2,10.24,10.23
391,2018-12-14,10.34,10.17,10.35,10.16,10.39,10.24
392,2018-12-17,10.16,10.29,10.33,10.1,10.17,10.39
393,2018-12-18,10.2,10.12,10.32,10.1,10.29,10.17
394,2018-12-19,10.14,9.94,10.18,9.9,10.12,10.29
395,2018-12-20,9.92,9.71,9.97,9.63,9.94,10.12
396,2018-12-21,9.68,9.45,9.7,9.33,9.71,9.94
397,2018-12-24,9.4,9.42,9.45,9.31,9.45,9.71
398,2018-12-25,9.29,9.34,9.43,9.21,9.42,9.45
399,2018-12-26,9.35,9.3,9.42,9.27,9.34,9.42
400,2018-12-27,9.45,9.28,9.49,9.28,9.3,9.34
401,2018-12-28,9.31,9.38,9.46,9.31,9.28,9.3
402,2019-01-02,9.39,9.19,9.42,9.16,9.38,9.28
403,2019-01-03,9.18,9.28,9.33,9.15,9.19,9.38
404,2019-01-04,9.24,9.75,9.82,9.22,9.28,9.19
405,2019-01-07,9.84,9.74,9.85,9.63,9.75,9.28
406,2019-01-08,9.73,9.66,9.74,9.62,9.74,9.75
407,2019-01-09,9.74,9.94,10.08,9.7,9.66,9.74
408,2019-01-10,9.87,10.1,10.2,9.86,9.94,9.66
409,2019-01-11,10.11,10.2,10.22,10.05,10.1,9.94
410,2019-01-14,10.22,10.11,10.25,10.07,10.2,10.1
411,2019-01-15,10.11,10.24,10.28,10.09,10.11,10.2
412,2019-01-16,10.24,10.48,10.5,10.23,10.24,10.11
413,2019-01-17,10.54,10.25,10.57,10.17,10.48,10.24
414,2019-01-18,10.34,10.43,10.49,10.28,10.25,10.48
415,2019-01-21,10.34,10.34,10.47,10.32,10.43,10.25
416,2019-01-22,10.34,10.28,10.44,10.26,10.34,10.43
417,2019-01-23,10.29,10.35,10.47,10.29,10.28,10.34
418,2019-01-24,10.4,10.52,10.55,10.37,10.35,10.28
419,2019-01-25,10.56,11.0,11.04,10.55,10.52,10.35
420,2019-01-28,11.04,10.94,11.14,10.88,11.0,10.52
421,2019-01-29,10.96,11.0,11.07,10.77,10.94,11.0
422,2019-01-30,10.95,10.95,11.18,10.86,11.0,10.94
423,2019-01-31,10.98,11.1,11.2,10.94,10.95,11.0
424,2019-02-01,11.2,11.2,11.25,10.96,11.1,10.95
425,2019-02-11,11.08,11.21,11.21,10.97,11.2,11.1
426,2019-02-12,11.2,11.19,11.31,11.03,11.21,11.2
427,2019-02-13,11.19,11.38,11.41,11.12,11.19,11.21
428,2019-02-14,11.3,11.25,11.33,11.19,11.38,11.19
429,2019-02-15,11.23,10.95,11.23,10.9,11.25,11.38
430,2019-02-18,11.05,11.36,11.36,11.04,10.95,11.25
431,2019-02-19,11.36,11.27,11.62,11.24,11.36,10.95
432,2019-02-20,11.33,11.41,11.53,11.25,11.27,11.36
433,2019-02-21,11.38,11.36,11.55,11.28,11.41,11.27
434,2019-02-22,11.35,11.54,11.57,11.15,11.36,11.41
435,2019-02-25,11.7,12.55,12.64,11.57,11.54,11.36
436,2019-02-26,12.55,12.2,12.57,12.15,12.55,11.54
437,2019-02-27,12.24,12.4,12.66,12.15,12.2,12.55
438,2019-02-28,12.44,12.36,12.61,12.27,12.4,12.2
439,2019-03-01,12.48,12.76,12.78,12.2,12.36,12.4
440,2019-03-04,12.7,12.99,13.38,12.62,12.76,12.36
441,2019-03-05,12.91,13.06,13.29,12.84,12.99,12.76
442,2019-03-06,13.06,13.08,13.15,12.84,13.06,12.99
443,2019-03-07,13.06,12.74,13.06,12.55,13.08,13.06
444,2019-03-08,12.49,12.3,12.7,12.25,12.74,13.08
445,2019-03-11,12.3,12.32,12.49,12.05,12.3,12.74
446,2019-03-12,12.49,12.36,12.64,12.24,12.32,12.3
447,2019-03-13,12.34,12.37,12.55,12.13,12.36,12.32
448,2019-03-14,12.33,12.43,12.62,12.27,12.37,12.36
449,2019-03-15,12.34,12.5,12.68,12.34,12.43,12.37
450,2019-03-18,12.53,12.91,12.94,12.32,12.5,12.43
451,2019-03-19,12.92,12.79,12.94,12.61,12.91,12.5
452,2019-03-20,12.68,12.75,12.88,12.62,12.79,12.91
453,2019-03-21,12.77,12.69,12.8,12.58,12.75,12.79
454,2019-03-22,12.69,12.59,12.74,12.5,12.69,12.75
455,2019-03-25,12.4,12.11,12.4,12.1,12.59,12.69
456,2019-03-26,12.23,12.1,12.29,12.01,12.11,12.59
457,2019-03-27,12.24,12.38,12.47,12.18,12.1,12.11
458,2019-03-28,12.31,12.22,12.31,12.1,12.38,12.1
459,2019-03-29,12.26,12.82,12.82,12.21,12.22,12.38
460,2019-04-01,12.83,13.18,13.55,12.83,12.82,12.22
461,2019-04-02,13.28,13.36,13.48,13.23,13.18,12.82
462,2019-04-03,13.21,13.44,13.45,13.15,13.36,13.18
463,2019-04-04,13.43,13.86,14.0,13.43,13.44,13.36
464,2019-04-08,13.9,13.96,14.43,13.72,13.86,13.44
465,2019-04-09,13.87,13.81,13.98,13.75,13.96,13.86
466,2019-04-10,13.75,13.73,13.88,13.4,13.81,13.96
467,2019-04-11,13.73,13.54,13.96,13.49,13.73,13.81
468,2019-04-12,13.49,13.42,13.59,13.21,13.54,13.73
469,2019-04-15,13.72,13.69,14.09,13.66,13.42,13.54
470,2019-04-16,13.67,14.58,14.58,13.55,13.69,13.42
471,2019-04-17,14.42,14.35,14.59,14.23,14.58,13.69
472,2019-04-18,14.3,14.34,14.37,14.11,14.35,14.58
473,2019-04-19,14.45,14.73,14.8,14.3,14.34,14.35
474,2019-04-22,14.6,14.15,14.84,14.08,14.73,14.34
475,2019-04-23,14.1,14.07,14.2,13.97,14.15,14.73
476,2019-04-24,14.45,14.44,14.6,14.16,14.07,14.15
477,2019-04-25,14.38,14.13,14.64,14.13,14.44,14.07
478,2019-04-26,14.08,13.79,14.25,13.7,14.13,14.44
479,2019-04-29,13.9,14.1,14.33,13.86,13.79,14.13
480,2019-04-30,13.99,13.85,14.05,13.59,14.1,13.79
481,2019-05-06,13.1,12.87,13.35,12.71,13.85,14.1
482,2019-05-07,13.03,12.95,13.09,12.72,12.87,13.85
483,2019-05-08,12.72,12.6,12.91,12.5,12.95,12.87
484,2019-05-09,12.52,12.16,12.58,12.05,12.6,12.95
485,2019-05-10,12.34,12.68,12.75,12.1,12.16,12.6
486,2019-05-13,12.33,12.3,12.54,12.23,12.68,12.16
487,2019-05-14,12.2,12.49,12.75,12.16,12.3,12.68
488,2019-05-15,12.58,12.92,13.11,12.57,12.49,12.3
489,2019-05-16,12.93,12.85,12.99,12.78,12.92,12.49
490,2019-05-17,12.92,12.44,12.93,12.36,12.85,12.92
491,2019-05-20,12.35,12.38,12.54,12.25,12.44,12.85
492,2019-05-21,12.4,12.56,12.73,12.36,12.38,12.44
493,2019-05-22,12.57,12.4,12.57,12.32,12.56,12.38
494,2019-05-23,12.24,12.29,12.42,12.14,12.4,12.56
495,2019-05-24,12.35,12.35,12.45,12.31,12.29,12.4
496,2019-05-27,12.21,12.37,12.42,11.93,12.35,12.29
497,2019-05-28,12.31,12.49,12.55,12.26,12.37,12.35
498,2019-05-29,12.36,12.4,12.59,12.26,12.49,12.37
499,2019-05-30,12.32,12.22,12.38,12.11,12.4,12.49
500,2019-05-31,12.16,12.18,12.4,12.11,12.22,12.4
501,2019-06-03,12.22,11.9,12.33,11.82,12.18,12.22
502,2019-06-04,11.89,11.85,11.94,11.6,11.9,12.18
503,2019-06-05,11.97,11.97,12.14,11.92,11.85,11.9
504,2019-06-06,11.97,11.92,12.07,11.89,11.97,11.85
505,2019-06-10,12.01,12.34,12.47,11.98,11.92,11.97
506,2019-06-11,12.34,12.65,12.72,12.3,12.34,11.92
507,2019-06-12,12.63,12.57,12.66,12.44,12.65,12.34
508,2019-06-13,12.54,12.59,12.68,12.43,12.57,12.65
509,2019-06-14,12.59,12.49,12.69,12.45,12.59,12.57
510,2019-06-17,12.48,12.67,12.79,12.48,12.49,12.59
511,2019-06-18,12.67,12.8,12.85,12.59,12.67,12.49
512,2019-06-19,13.29,13.07,13.39,13.01,12.8,12.67
513,2019-06-20,13.17,13.8,13.95,13.12,13.07,12.8
514,2019-06-21,13.76,13.64,13.87,13.58,13.8,13.07
515,2019-06-24,13.69,13.69,13.83,13.61,13.64,13.8
516,2019-06-25,13.72,13.43,13.72,13.07,13.69,13.64
517,2019-06-26,13.27,13.37,13.5,13.19,13.43,13.69
518,2019-06-27,13.5,13.71,13.85,13.45,13.37,13.43
519,2019-06-28,13.73,13.78,13.79,13.58,13.71,13.37
520,2019-07-01,14.01,13.93,14.18,13.87,13.78,13.71
521,2019-07-02,13.88,14.18,14.24,13.86,13.93,13.78
522,2019-07-03,14.18,14.01,14.21,13.87,14.18,13.93
523,2019-07-04,14.01,13.99,14.28,13.88,14.01,14.18
524,2019-07-05,13.95,13.92,13.98,13.69,13.99,14.01
525,2019-07-08,13.82,13.59,13.88,13.45,13.92,13.99
526,2019-07-09,13.63,13.59,13.71,13.44,13.59,13.92
527,2019-07-10,13.61,13.56,13.7,13.49,13.59,13.59
528,2019-07-11,13.68,13.54,13.78,13.53,13.56,13.59
529,2019-07-12,13.6,14.12,14.23,13.58,13.54,13.56
530,2019-07-15,14.03,14.0,14.12,13.84,14.12,13.54
531,2019-07-16,13.97,13.75,13.99,13.71,14.0,14.12
532,2019-07-17,13.7,13.69,13.81,13.61,13.75,14.0
533,2019-07-18,13.65,13.67,13.81,13.56,13.69,13.75
534,2019-07-19,13.74,13.99,14.08,13.68,13.67,13.69
535,2019-07-22,13.96,13.85,14.02,13.76,13.99,13.67
536,2019-07-23,13.86,13.76,13.87,13.65,13.85,13.99
537,2019-07-24,13.87,13.88,14.01,13.79,13.76,13.85
538,2019-07-25,13.92,14.2,14.27,13.85,13.88,13.76
539,2019-07-26,14.18,14.23,14.25,14.08,14.2,13.88
540,2019-07-29,14.25,14.29,14.45,14.18,14.23,14.2
541,2019-07-30,14.31,14.37,14.55,14.29,14.29,14.23
542,2019-07-31,14.3,14.13,14.32,14.08,14.37,14.29
543,2019-08-01,14.06,14.1,14.19,13.94,14.13,14.37
544,2019-08-02,13.77,13.74,13.88,13.66,14.1,14.13
545,2019-08-05,13.6,13.35,13.64,13.27,13.74,14.1
546,2019-08-06,13.1,13.37,13.46,13.03,13.35,13.74
547,2019-08-07,13.49,13.54,13.64,13.37,13.37,13.35
548,2019-08-08,13.9,14.38,14.5,13.85,13.54,13.37
549,2019-08-09,14.55,14.52,14.85,14.43,14.38,13.54
550,2019-08-12,14.61,15.12,15.12,14.6,14.52,14.38
551,2019-08-13,15.0,14.89,15.08,14.74,15.12,14.52
552,2019-08-14,15.14,14.97,15.22,14.8,14.89,15.12
553,2019-08-15,14.64,14.94,14.96,14.6,14.97,14.89
554,2019-08-16,15.09,14.9,15.14,14.78,14.94,14.97
555,2019-08-19,14.91,14.92,14.94,14.52,14.9,14.94
556,2019-08-20,14.92,14.99,15.2,14.77,14.92,14.9
557,2019-08-21,14.87,14.45,14.89,14.38,14.99,14.92
558,2019-08-22,14.4,14.31,14.45,14.2,14.45,14.99
559,2019-08-23,14.37,14.65,14.74,14.35,14.31,14.45
560,2019-08-26,14.42,14.25,14.5,14.15,14.65,14.31
561,2019-08-27,14.36,14.31,14.48,14.24,14.25,14.65
562,2019-08-28,14.26,14.27,14.28,14.05,14.31,14.25
563,2019-08-29,14.22,14.13,14.24,14.08,14.27,14.31
564,2019-08-30,14.29,14.16,14.39,14.1,14.13,14.27
565,2019-09-02,14.15,14.45,14.5,14.11,14.16,14.13
566,2019-09-03,14.48,14.3,14.51,14.25,14.45,14.16
567,2019-09-04,14.32,14.44,14.5,14.31,14.3,14.45
568,2019-09-05,14.56,14.58,14.85,14.55,14.44,14.3
569,2019-09-06,14.71,14.81,14.81,14.62,14.58,14.44
570,2019-09-09,14.98,14.69,15.0,14.6,14.81,14.58
571,2019-09-10,14.6,14.55,14.64,14.41,14.69,14.81
572,2019-09-11,14.6,14.56,14.71,14.46,14.55,14.69
573,2019-09-12,14.66,14.68,14.78,14.53,14.56,14.55
574,2019-09-16,14.7,14.45,14.72,14.4,14.68,14.56
575,2019-09-17,14.36,14.24,14.45,14.18,14.45,14.68
576,2019-09-18,14.24,14.41,14.48,14.24,14.24,14.45
577,2019-09-19,14.48,14.84,14.89,14.48,14.41,14.24
578,2019-09-20,14.95,15.34,15.4,14.93,14.84,14.41
579,2019-09-23,15.34,15.38,15.47,15.18,15.34,14.84
580,2019-09-24,15.47,15.18,15.54,15.18,15.38,15.34
581,2019-09-25,15.2,15.75,15.85,15.19,15.18,15.38
582,2019-09-26,15.86,15.71,16.04,15.66,15.75,15.18
583,2019-09-27,15.85,15.9,16.0,15.7,15.71,15.75
584,2019-09-30,15.75,15.59,15.89,15.57,15.9,15.71
585,2019-10-08,15.6,16.2,16.23,15.6,15.59,15.9
586,2019-10-09,16.1,16.25,16.52,16.02,16.2,15.59
587,2019-10-10,16.27,16.24,16.27,15.99,16.25,16.2
588,2019-10-11,16.2,16.81,16.95,16.2,16.24,16.25
589,2019-10-14,16.97,17.22,17.6,16.92,16.81,16.24
590,2019-10-15,17.25,17.18,17.35,16.82,17.22,16.81
591,2019-10-16,17.26,16.79,17.44,16.63,17.18,17.22
592,2019-10-17,16.9,16.7,17.0,16.55,16.79,17.18
593,2019-10-18,16.8,16.51,17.04,16.43,16.7,16.79
594,2019-10-21,16.43,16.89,16.97,16.43,16.51,16.7
595,2019-10-22,16.91,16.42,16.93,16.03,16.89,16.51
596,2019-10-23,16.32,16.45,16.67,16.23,16.42,16.89
597,2019-10-24,16.5,16.87,17.0,16.44,16.45,16.42
598,2019-10-25,16.78,16.88,16.96,16.58,16.87,16.45
599,2019-10-28,16.98,16.66,17.04,16.48,16.88,16.87
600,2019-10-29,16.69,16.91,16.93,16.56,16.66,16.88
601,2019-10-30,16.8,16.43,16.96,16.42,16.91,16.66
602,2019-10-31,16.42,16.26,16.47,16.24,16.43,16.91
603,2019-11-01,16.35,16.86,17.0,16.28,16.26,16.43
604,2019-11-04,16.98,16.92,17.25,16.77,16.86,16.26
605,2019-11-05,16.8,17.15,17.44,16.79,16.92,16.86
606,2019-11-06,17.06,16.96,17.26,16.88,17.15,16.92
607,2019-11-07,16.93,16.89,17.07,16.75,16.96,17.15
608,2019-11-08,16.98,16.65,17.02,16.64,16.89,16.96
609,2019-11-11,16.5,16.28,16.53,16.2,16.65,16.89
610,2019-11-12,16.29,16.33,16.37,16.16,16.28,16.65
611,2019-11-13,16.29,16.33,16.46,16.06,16.33,16.28
612,2019-11-14,16.43,16.32,16.48,16.25,16.33,16.33
613,2019-11-15,16.39,16.34,16.55,16.24,16.32,16.33
614,2019-11-18,16.35,16.45,16.55,16.23,16.34,16.32
615,2019-11-19,16.45,16.41,16.48,16.31,16.45,16.34
616,2019-11-20,16.3,15.85,16.3,15.77,16.41,16.45
617,2019-11-21,15.75,15.86,15.87,15.63,15.85,16.41
618,2019-11-22,15.89,15.59,15.92,15.55,15.86,15.85
619,2019-11-25,15.64,15.8,15.84,15.54,15.59,15.86
620,2019-11-26,15.89,15.62,15.89,15.49,15.8,15.59
621,2019-11-27,15.64,15.47,15.64,15.39,15.62,15.8
622,2019-11-28,15.47,15.49,15.54,15.44,15.47,15.62
623,2019-11-29,15.54,15.29,15.55,15.18,15.49,15.47
624,2019-12-02,15.35,15.36,15.43,15.23,15.29,15.49
625,2019-12-03,15.3,15.45,15.46,15.21,15.36,15.29
626,2019-12-04,15.34,15.31,15.41,15.21,15.45,15.36
627,2019-12-05,15.35,15.43,15.48,15.3,15.31,15.45
628,2019-12-06,15.47,15.6,15.72,15.46,15.43,15.31
629,2019-12-09,15.62,15.41,15.62,15.35,15.6,15.43
630,2019-12-10,15.36,15.33,15.38,15.25,15.41,15.6
631,2019-12-11,15.38,15.66,15.68,15.3,15.33,15.41
632,2019-12-12,15.66,15.6,15.67,15.53,15.66,15.33
633,2019-12-13,15.85,16.12,16.12,15.77,15.6,15.66
634,2019-12-16,16.12,16.13,16.14,15.87,16.12,15.6
635,2019-12-17,16.0,16.5,16.63,15.98,16.13,16.12
636,2019-12-18,16.43,16.46,16.66,16.41,16.5,16.13
637,2019-12-19,16.55,16.55,16.74,16.44,16.46,16.5
638,2019-12-20,16.55,16.59,16.68,16.44,16.55,16.46
639,2019-12-23,16.68,16.24,16.68,16.17,16.59,16.55
640,2019-12-24,16.23,16.4,16.5,16.23,16.24,16.59
641,2019-12-25,16.45,16.3,16.56,16.24,16.4,16.24
642,2019-12-26,16.34,16.47,16.48,16.32,16.3,16.4
643,2019-12-27,16.53,16.63,16.93,16.43,16.47,16.3
644,2019-12-30,16.46,16.57,16.63,16.1,16.63,16.47
645,2019-12-31,16.57,16.45,16.63,16.31,16.57,16.63
646,2020-01-02,16.65,16.87,16.95,16.55,16.45,16.57
647,2020-01-03,16.94,17.18,17.31,16.92,16.87,16.45
648,2020-01-06,17.01,17.07,17.34,16.91,17.18,16.87
649,2020-01-07,17.13,17.15,17.28,16.95,17.07,17.18
650,2020-01-08,17.0,16.66,17.05,16.63,17.15,17.07
651,2020-01-09,16.81,16.79,16.93,16.53,16.66,17.15
652,2020-01-10,16.79,16.69,16.81,16.52,16.79,16.66
653,2020-01-13,16.75,16.99,17.03,16.61,16.69,16.79
654,2020-01-14,16.99,16.76,17.27,16.76,16.99,16.69
655,2020-01-15,16.79,16.52,16.86,16.45,16.76,16.99
656,2020-01-16,16.52,16.33,16.57,16.2,16.52,16.76
657,2020-01-17,16.38,16.39,16.55,16.35,16.33,16.52
658,2020-01-20,16.43,16.45,16.61,16.35,16.39,16.33
659,2020-01-21,16.34,16.0,16.34,15.93,16.45,16.39
660,2020-01-22,15.92,16.09,16.16,15.71,16.0,16.45
661,2020-01-23,15.92,15.54,15.92,15.39,16.09,16.0
662,2020-02-03,13.99,13.99,14.7,13.99,15.54,16.09
663,2020-02-04,14.05,14.6,14.66,14.02,13.99,15.54
664,2020-02-05,14.59,14.63,14.89,14.32,14.6,13.99
665,2020-02-06,14.81,14.77,14.87,14.51,14.63,14.6
666,2020-02-07,14.6,14.62,14.69,14.41,14.77,14.63
667,2020-02-10,14.51,14.5,14.53,14.3,14.62,14.77
668,2020-02-11,14.6,14.79,14.94,14.56,14.5,14.62
669,2020-02-12,14.79,14.77,14.82,14.6,14.79,14.5
670,2020-02-13,14.71,14.65,14.88,14.61,14.77,14.79
671,2020-02-14,14.75,15.03,15.14,14.7,14.65,14.77
672,2020-02-17,15.04,15.37,15.37,14.93,15.03,14.65
673,2020-02-18,15.33,15.2,15.33,15.01,15.37,15.03
674,2020-02-19,15.1,15.24,15.37,15.08,15.2,15.37
675,2020-02-20,15.27,15.59,15.62,15.1,15.24,15.2
676,2020-02-21,15.49,15.58,15.72,15.45,15.59,15.24
677,2020-02-24,15.46,15.23,15.46,15.15,15.58,15.59
678,2020-02-25,15.0,15.04,15.13,14.78,15.23,15.58
679,2020-02-26,14.77,14.99,15.27,14.7,15.04,15.23
680,2020-02-27,14.96,15.11,15.15,14.89,14.99,15.04
681,2020-02-28,14.85,14.5,15.04,14.46,15.11,14.99
682,2020-03-02,14.55,14.79,14.95,14.46,14.5,15.11
683,2020-03-03,14.96,14.72,14.99,14.63,14.79,14.5
684,2020-03-04,14.68,14.69,14.78,14.51,14.72,14.79
685,2020-03-05,14.8,15.39,15.64,14.73,14.69,14.72
686,2020-03-06,15.18,15.03,15.27,15.02,15.39,14.69
687,2020-03-09,14.71,14.45,14.73,14.42,15.03,15.39
688,2020-03-10,14.38,14.76,14.85,14.38,14.45,15.03
689,2020-03-11,14.77,14.69,14.88,14.62,14.76,14.45
690,2020-03-12,14.65,14.68,14.84,14.53,14.69,14.76
691,2020-03-13,13.9,14.52,14.58,13.9,14.68,14.69
692,2020-03-16,14.45,13.75,14.46,13.75,14.52,14.68
693,2020-03-17,13.75,13.41,13.97,13.13,13.75,14.52
694,2020-03-18,13.41,12.71,13.55,12.65,13.41,13.75
695,2020-03-19,12.68,12.23,12.74,11.91,12.71,13.41
696,2020-03-20,12.4,12.52,12.68,12.26,12.23,12.71
697,2020-03-23,12.0,12.15,12.35,11.93,12.52,12.23
698,2020-03-24,12.4,12.61,12.68,12.27,12.15,12.52
699,2020-03-25,12.88,12.87,13.07,12.7,12.61,12.15
700,2020-03-26,12.78,13.06,13.34,12.72,12.87,12.61
701,2020-03-27,13.25,13.15,13.38,13.08,13.06,12.87
702,2020-03-30,12.85,12.94,13.04,12.76,13.15,13.06
703,2020-03-31,13.05,12.8,13.09,12.78,12.94,13.15
704,2020-04-01,12.86,12.89,13.13,12.82,12.8,12.94
705,2020-04-02,12.75,12.97,12.97,12.66,12.89,12.8
706,2020-04-03,12.82,12.61,12.89,12.55,12.97,12.89
707,2020-04-07,12.89,12.88,12.94,12.81,12.61,12.97
708,2020-04-08,12.88,12.78,12.92,12.72,12.88,12.61
709,2020-04-09,12.88,12.74,12.89,12.72,12.78,12.88
710,2020-04-10,12.76,12.79,12.98,12.65,12.74,12.78
711,2020-04-13,12.67,12.59,12.71,12.47,12.79,12.74
712,2020-04-14,12.65,12.86,12.86,12.57,12.59,12.79
713,2020-04-15,12.86,12.87,12.93,12.78,12.86,12.59
714,2020-04-16,12.79,12.68,12.79,12.54,12.87,12.86
715,2020-04-17,12.77,12.89,13.04,12.65,12.68,12.87
716,2020-04-20,12.86,12.99,13.05,12.77,12.89,12.68
717,2020-04-21,13.3,13.45,13.7,13.3,12.99,12.89
718,2020-04-22,13.37,13.23,13.42,13.16,13.45,12.99
719,2020-04-23,13.23,13.23,13.31,13.11,13.23,13.45
720,2020-04-24,13.17,13.24,13.28,13.11,13.23,13.23
721,2020-04-27,13.3,13.5,13.64,13.25,13.24,13.23
722,2020-04-28,13.45,13.52,13.56,13.27,13.5,13.24
723,2020-04-29,13.48,14.02,14.1,13.45,13.52,13.5
724,2020-04-30,14.02,13.93,14.32,13.88,14.02,13.52
725,2020-05-06,13.76,13.77,13.89,13.61,13.93,14.02
726,2020-05-07,13.76,13.69,13.76,13.6,13.77,13.93
727,2020-05-08,13.76,13.95,14.02,13.68,13.69,13.77
728,2020-05-11,13.92,14.0,14.13,13.9,13.95,13.69
729,2020-05-12,13.95,13.79,14.05,13.72,14.0,13.95
730,2020-05-13,13.75,13.63,13.78,13.53,13.79,14.0
731,2020-05-14,13.55,13.3,13.59,13.22,13.63,13.79
732,2020-05-15,13.39,13.23,13.43,13.14,13.3,13.63
733,2020-05-18,13.2,13.2,13.34,13.12,13.23,13.3
734,2020-05-19,13.41,13.36,13.45,13.27,13.2,13.23
735,2020-05-20,13.38,13.51,13.62,13.27,13.36,13.2
736,2020-05-21,13.52,13.4,13.57,13.36,13.51,13.36
737,2020-05-22,13.33,12.92,13.34,12.92,13.4,13.51
738,2020-05-25,12.97,12.96,12.98,12.76,12.92,13.4
739,2020-05-26,13.02,13.04,13.07,12.94,12.96,12.92
740,2020-05-27,13.05,13.0,13.19,12.96,13.04,12.96
741,2020-05-28,12.87,13.07,13.18,12.81,13.0,13.04
742,2020-05-29,13.01,13.0,13.04,12.92,13.07,13.0
743,2020-06-01,13.1,13.32,13.39,13.08,13.0,13.07
744,2020-06-02,13.29,13.55,13.63,13.28,13.32,13.0
745,2020-06-03,13.64,13.54,13.88,13.5,13.55,13.32
746,2020-06-04,13.53,13.57,13.64,13.41,13.54,13.55
747,2020-06-05,13.6,13.59,13.62,13.43,13.57,13.54
748,2020-06-08,13.68,13.62,13.85,13.58,13.59,13.57
749,2020-06-09,13.64,13.67,13.73,13.53,13.62,13.59
750,2020-06-10,13.71,13.49,13.71,13.4,13.67,13.62
751,2020-06-11,13.38,13.08,13.39,13.0,13.49,13.67
752,2020-06-12,12.9,12.99,13.02,12.87,13.08,13.49
753,2020-06-15,12.85,12.82,12.97,12.8,12.99,13.08
754,2020-06-16,12.9,12.89,12.99,12.86,12.82,12.99
755,2020-06-17,12.89,12.85,12.92,12.76,12.89,12.82
756,2020-06-18,12.76,12.76,12.8,12.59,12.85,12.89
757,2020-06-19,12.73,12.8,12.84,12.61,12.76,12.85
758,2020-06-22,12.74,12.64,12.76,12.62,12.8,12.76
759,2020-06-23,12.65,12.6,12.69,12.52,12.64,12.8
760,2020-06-24,12.64,12.8,12.88,12.6,12.6,12.64
761,2020-06-29,12.92,12.8,12.97,12.71,12.8,12.6
762,2020-06-30,12.83,12.8,12.88,12.72,12.8,12.8
763,2020-07-01,12.79,13.12,13.15,12.74,12.8,12.8
764,2020-07-02,13.08,13.43,13.49,12.97,13.12,12.8
765,2020-07-03,13.57,14.25,14.32,13.56,13.43,13.12
766,2020-07-06,14.6,15.68,15.68,14.59,14.25,13.43
767,2020-07-07,16.3,15.48,16.63,15.03,15.68,14.25
768,2020-07-08,15.23,15.76,16.0,15.23,15.48,15.68
769,2020-07-09,15.66,15.53,15.66,15.31,15.76,15.48
770,2020-07-10,15.35,14.86,15.48,14.76,15.53,15.76
771,2020-07-13,14.7,14.89,15.08,14.5,14.86,15.53
772,2020-07-14,14.9,14.68,15.19,14.55,14.89,14.86
773,2020-07-15,14.78,14.27,14.86,14.23,14.68,14.89
774,2020-07-16,14.3,14.15,14.55,14.12,14.27,14.68
775,2020-07-17,14.17,14.14,14.28,13.95,14.15,14.27
776,2020-07-20,14.23,14.73,14.77,14.1,14.14,14.15
777,2020-07-21,14.68,14.49,14.68,14.4,14.73,14.14
778,2020-07-22,14.49,14.41,14.65,14.27,14.49,14.73
779,2020-07-23,14.24,14.01,14.29,13.81,14.41,14.49
780,2020-07-24,13.97,13.5,13.99,13.42,14.01,14.41
781,2020-07-27,13.67,13.24,13.68,13.1,13.5,14.01
782,2020-07-28,13.34,13.34,13.43,13.18,13.24,13.5
783,2020-07-29,13.35,13.54,13.63,13.21,13.34,13.24
784,2020-07-30,13.5,13.37,13.51,13.37,13.54,13.34
785,2020-07-31,13.28,13.34,13.53,13.25,13.37,13.54
786,2020-08-03,13.47,13.59,13.62,13.43,13.34,13.37
787,2020-08-04,13.66,14.04,14.15,13.48,13.59,13.34
788,2020-08-05,13.82,13.76,13.85,13.62,14.04,13.59
789,2020-08-06,13.82,13.9,13.96,13.65,13.76,14.04
790,2020-08-07,13.8,13.7,13.9,13.62,13.9,13.76
791,2020-08-10,13.67,13.95,14.02,13.62,13.7,13.9
792,2020-08-11,13.97,14.13,14.66,13.97,13.95,13.7
793,2020-08-12,14.21,14.38,14.5,14.15,14.13,13.95
794,2020-08-13,14.4,14.18,14.46,14.14,14.38,14.13
795,2020-08-14,14.1,14.47,14.51,14.06,14.18,14.38
796,2020-08-17,14.6,15.19,15.35,14.55,14.47,14.18
797,2020-08-18,15.2,15.15,15.3,14.91,15.19,14.47
798,2020-08-19,15.11,15.1,15.35,14.96,15.15,15.19
799,2020-08-20,15.01,14.59,15.14,14.53,15.1,15.15
800,2020-08-21,14.71,14.45,14.71,14.32,14.59,15.1
801,2020-08-24,14.5,14.46,14.71,14.41,14.45,14.59
802,2020-08-25,14.56,14.6,14.69,14.46,14.46,14.45
803,2020-08-26,14.6,14.37,14.61,14.28,14.6,14.46
804,2020-08-27,14.4,14.46,14.46,14.11,14.37,14.6
805,2020-08-28,14.26,15.13,15.18,14.26,14.46,14.37
806,2020-08-31,15.3,15.08,15.68,14.99,15.13,14.46
807,2020-09-01,14.96,15.14,15.23,14.88,15.08,15.13
808,2020-09-02,15.01,15.32,15.53,15.01,15.14,15.08
809,2020-09-03,15.32,14.9,15.33,14.84,15.32,15.14
810,2020-09-04,14.73,14.96,15.06,14.6,14.9,15.32
811,2020-09-07,14.88,14.94,15.24,14.83,14.96,14.9
812,2020-09-08,15.0,15.43,15.43,15.0,14.94,14.96
813,2020-09-09,15.26,15.21,15.56,15.13,15.43,14.94
814,2020-09-10,15.32,15.34,15.48,15.2,15.21,15.43
815,2020-09-11,15.18,15.01,15.3,14.82,15.34,15.21
816,2020-09-14,15.01,15.3,15.3,14.92,15.01,15.34
817,2020-09-15,15.2,15.35,15.48,15.15,15.3,15.01
818,2020-09-16,15.32,15.44,15.54,15.21,15.35,15.3
819,2020-09-17,15.54,15.57,15.72,15.4,15.44,15.35
820,2020-09-18,15.62,16.07,16.09,15.52,15.57,15.44
821,2020-09-21,16.0,15.86,16.05,15.71,16.07,15.57
822,2020-09-22,15.67,15.57,15.84,15.39,15.86,16.07
823,2020-09-23,15.59,15.63,15.83,15.51,15.57,15.86
824,2020-09-24,15.59,15.12,15.61,15.12,15.63,15.57
825,2020-09-25,15.2,15.19,15.31,15.11,15.12,15.63
826,2020-09-28,15.19,15.31,15.37,14.98,15.19,15.12
827,2020-09-29,15.39,14.8,15.41,14.76,15.31,15.19
828,2020-09-30,14.8,15.17,15.27,14.8,14.8,15.31
829,2020-10-09,15.3,15.18,15.55,15.13,15.17,14.8
830,2020-10-12,15.22,15.9,16.05,15.21,15.18,15.17
831,2020-10-13,15.9,16.06,16.11,15.77,15.9,15.18
832,2020-10-14,16.04,16.03,16.12,15.8,16.06,15.9
833,2020-10-15,16.2,16.56,16.92,16.15,16.03,16.06
834,2020-10-16,16.56,17.1,17.37,16.54,16.56,16.03
835,2020-10-19,17.3,17.48,18.1,17.3,17.1,16.56
836,2020-10-20,17.48,17.54,17.6,17.25,17.48,17.1
837,2020-10-21,17.64,17.91,18.0,17.33,17.54,17.48
838,2020-10-22,17.94,17.56,18.5,17.3,17.91,17.54
839,2020-10-23,17.53,18.13,18.78,17.53,17.56,17.91
840,2020-10-26,18.2,17.7,18.29,17.45,18.13,17.56
841,2020-10-27,18.0,17.76,18.0,17.5,17.7,18.13
842,2020-10-28,17.76,17.63,17.9,17.29,17.76,17.7
843,2020-10-29,17.54,17.77,17.93,17.35,17.63,17.76
844,2020-10-30,17.74,17.75,18.36,17.6,17.77,17.63
845,2020-11-02,17.65,17.63,18.05,17.33,17.75,17.77
846,2020-11-03,17.71,17.96,18.34,17.7,17.63,17.75
847,2020-11-04,18.35,18.32,18.48,17.96,17.96,17.63
848,2020-11-05,18.37,17.7,18.5,17.54,18.32,17.96
849,2020-11-06,17.71,17.64,17.75,17.22,17.7,18.32
850,2020-11-09,17.67,17.84,18.0,17.54,17.64,17.7
851,2020-11-10,18.0,18.11,18.5,17.93,17.84,17.64
852,2020-11-11,18.2,17.81,18.3,17.6,18.11,17.84
853,2020-11-12,17.81,17.66,17.94,17.45,17.81,18.11
854,2020-11-13,17.42,17.18,17.47,16.69,17.66,17.81
855,2020-11-16,17.08,17.37,17.43,16.9,17.18,17.66
856,2020-11-17,17.38,17.83,17.93,17.25,17.37,17.18
857,2020-11-18,17.78,18.46,18.5,17.75,17.83,17.37
858,2020-11-19,18.59,18.85,18.98,18.3,18.46,17.83
859,2020-11-20,18.83,18.86,18.99,18.52,18.85,18.46
860,2020-11-23,18.85,19.62,19.62,18.8,18.86,18.85
861,2020-11-24,19.62,19.36,19.68,19.17,19.62,18.86
862,2020-11-25,19.48,19.06,19.7,19.05,19.36,19.62
863,2020-11-26,19.05,19.5,19.61,19.03,19.06,19.36
864,2020-11-27,20.0,19.7,20.0,19.38,19.5,19.06
865,2020-11-30,19.9,19.74,20.88,19.59,19.7,19.5
866,2020-12-01,19.7,20.05,20.51,19.4,19.74,19.7
867,2020-12-02,19.93,19.63,20.06,19.52,20.05,19.74
868,2020-12-03,19.78,19.54,19.86,19.17,19.63,20.05
869,2020-12-04,19.47,19.3,19.47,18.97,19.54,19.63
870,2020-12-07,19.31,18.91,19.39,18.68,19.3,19.54
871,2020-12-08,18.92,18.71,19.03,18.53,18.91,19.3
872,2020-12-09,18.79,18.71,19.05,18.68,18.71,18.91
873,2020-12-10,18.73,18.65,18.88,18.45,18.71,18.71
874,2020-12-11,18.71,18.52,18.8,18.22,18.65,18.71
875,2020-12-14,18.6,18.88,19.06,18.5,18.52,18.65
876,2020-12-15,18.8,18.74,18.85,18.15,18.88,18.52
877,2020-12-16,18.8,19.01,19.1,18.58,18.74,18.88
878,2020-12-17,18.91,18.95,19.07,18.6,19.01,18.74
879,2020-12-18,19.0,18.36,19.1,18.23,18.95,19.01
880,2020-12-21,18.3,18.28,18.64,18.03,18.36,18.95
881,2020-12-22,18.36,17.9,18.65,17.88,18.28,18.36
882,2020-12-23,17.96,18.0,18.07,17.79,17.9,18.28
883,2020-12-24,18.15,18.26,18.49,18.05,18.0,17.9
884,2020-12-25,18.26,18.04,18.26,17.8,18.26,18.0
885,2020-12-28,18.02,18.85,18.86,17.96,18.04,18.26
886,2020-12-29,18.87,19.17,19.3,18.7,18.85,18.04
887,2020-12-30,19.0,19.2,19.2,18.72,19.17,18.85
888,2020-12-31,19.21,19.34,19.58,19.02,19.2,19.17
889,2021-01-04,19.1,18.6,19.1,18.44,19.34,19.2
890,2021-01-05,18.4,18.17,18.48,17.8,18.6,19.34
891,2021-01-06,18.08,19.56,19.56,18.0,18.17,18.6
892,2021-01-07,19.52,19.9,19.98,19.23,19.56,18.17
893,2021-01-08,19.9,19.85,20.1,19.31,19.9,19.56
894,2021-01-11,20.0,20.38,20.64,20.0,19.85,19.9
895,2021-01-12,20.39,21.0,21.0,20.18,20.38,19.85
896,2021-01-13,21.0,20.7,21.01,20.4,21.0,20.38
897,2021-01-14,20.68,20.17,20.89,19.95,20.7,21.0
898,2021-01-15,21.0,21.0,21.95,20.82,20.17,20.7
899,2021-01-18,21.2,22.7,22.78,21.2,21.0,20.17
900,2021-01-19,22.51,22.34,22.84,22.05,22.7,21.0
901,2021-01-20,22.15,22.47,22.97,22.12,22.34,22.7
902,2021-01-21,22.5,22.23,22.8,22.15,22.47,22.34
903,2021-01-22,22.23,22.03,22.23,21.51,22.23,22.47
904,2021-01-25,21.72,22.49,22.6,21.43,22.03,22.23
905,2021-01-26,22.3,22.37,23.32,22.3,22.49,22.03
906,2021-01-27,22.31,23.08,23.47,22.31,22.37,22.49
907,2021-01-28,22.78,22.81,23.18,22.45,23.08,22.37
908,2021-01-29,22.81,23.09,23.54,22.71,22.81,23.08
909,2021-02-01,23.0,24.55,24.99,22.7,23.09,22.81
910,2021-02-02,23.38,23.28,24.1,22.91,24.55,23.09
911,2021-02-03,23.48,24.95,25.18,23.38,23.28,24.55
912,2021-02-04,24.18,24.6,25.24,24.04,24.95,23.28
913,2021-02-05,24.6,24.93,25.31,24.27,24.6,24.95
914,2021-02-08,24.9,24.8,24.9,24.1,24.93,24.6
915,2021-02-09,24.79,24.58,24.84,24.17,24.8,24.93
916,2021-02-10,24.6,23.82,24.96,23.38,24.58,24.8
917,2021-02-18,24.0,24.3,24.55,23.48,23.82,24.58
918,2021-02-19,23.96,23.85,24.19,23.57,24.3,23.82
919,2021-02-22,23.8,22.38,23.8,22.26,23.85,24.3
920,2021-02-23,22.38,21.93,22.68,21.82,22.38,23.85
921,2021-02-24,22.27,22.16,22.28,21.56,21.93,22.38
922,2021-02-25,22.4,22.09,22.56,21.68,22.16,21.93
923,2021-02-26,21.6,21.38,21.96,21.21,22.09,22.16
924,2021-03-01,21.54,21.45,21.68,21.18,21.38,22.09
925,2021-03-02,21.62,21.65,22.15,21.26,21.45,21.38
926,2021-03-03,21.58,23.01,23.08,21.46,21.65,21.45
927,2021-03-04,22.77,22.92,23.49,22.65,23.01,21.65
928,2021-03-05,22.7,22.34,22.98,21.86,22.92,23.01
929,2021-03-08,22.44,21.6,22.69,21.48,22.34,22.92
930,2021-03-09,21.68,20.85,21.92,20.58,21.6,22.34
931,2021-03-10,20.84,20.4,20.91,20.28,20.85,21.6
932,2021-03-11,20.58,21.27,21.38,20.56,20.4,20.85
933,2021-03-12,21.37,21.48,21.7,21.2,21.27,20.4
934,2021-03-15,21.4,21.6,22.12,21.11,21.48,21.27
935,2021-03-16,21.6,21.66,22.11,21.27,21.6,21.48
936,2021-03-17,21.45,21.2,21.55,20.9,21.66,21.6
937,2021-03-18,21.3,21.73,21.73,21.0,21.2,21.66
938,2021-03-19,21.53,20.47,21.65,20.37,21.73,21.2
939,2021-03-22,20.55,21.55,21.55,20.53,20.47,21.73
940,2021-03-23,21.57,21.23,21.65,20.96,21.55,20.47
941,2021-03-24,21.21,20.53,21.28,20.45,21.23,21.55
942,2021-03-25,20.58,20.75,20.83,20.4,20.53,21.23
943,2021-03-26,20.84,21.14,21.4,20.76,20.75,20.53
944,2021-03-29,21.28,21.49,21.65,21.2,21.14,20.75
945,2021-03-30,21.38,21.93,21.93,21.21,21.49,21.14
946,2021-03-31,21.77,22.01,22.07,21.6,21.93,21.49
947,2021-04-01,22.08,21.78,22.11,21.5,22.01,21.93
948,2021-04-02,21.7,21.5,21.73,21.36,21.78,22.01
949,2021-04-06,21.55,21.68,22.09,21.51,21.5,21.78
950,2021-04-07,21.88,21.64,21.93,21.31,21.68,21.5
951,2021-04-08,21.46,21.56,21.73,21.33,21.64,21.68
952,2021-04-09,21.71,21.3,21.72,21.08,21.56,21.64
953,2021-04-12,21.51,20.7,21.51,20.63,21.3,21.56
954,2021-04-13,20.72,20.78,20.88,20.59,20.7,21.3
955,2021-04-14,20.79,20.67,20.94,20.42,20.78,20.7
956,2021-04-15,20.76,20.36,20.77,20.08,20.67,20.78
957,2021-04-16,20.36,20.26,20.43,19.81,20.36,20.67
958,2021-04-19,20.03,21.15,21.24,19.91,20.26,20.36
959,2021-04-20,21.08,21.69,21.95,20.92,21.15,20.26
960,2021-04-21,22.3,23.01,23.19,22.29,21.69,21.15
961,2021-04-22,23.19,22.98,23.23,22.78,23.01,21.69
962,2021-04-23,23.32,23.29,23.65,23.07,22.98,23.01
963,2021-04-26,23.87,22.94,24.23,22.9,23.29,22.98
964,2021-04-27,22.95,22.94,23.19,22.86,22.94,23.29
965,2021-04-28,23.29,23.35,23.45,22.78,22.94,22.94
966,2021-04-29,23.34,23.59,23.71,23.11,23.35,22.94
967,2021-04-30,23.35,23.29,23.49,23.01,23.59,23.35
968,2021-05-06,23.1,23.5,23.7,23.1,23.29,23.59
969,2021-05-07,23.67,24.05,24.3,23.39,23.5,23.29
970,2021-05-10,24.0,23.86,24.04,23.02,24.05,23.5
971,2021-05-11,23.62,23.53,23.75,23.06,23.86,24.05
972,2021-05-12,23.29,23.55,23.64,22.88,23.53,23.86
973,2021-05-13,23.52,23.07,23.59,22.84,23.55,23.53
974,2021-05-14,23.14,23.32,23.43,22.6,23.07,23.55
975,2021-05-17,23.15,23.6,23.82,22.95,23.32,23.07
976,2021-05-18,23.85,23.9,24.11,23.4,23.6,23.32
977,2021-05-19,23.82,23.6,24.13,23.52,23.9,23.6
978,2021-05-20,23.41,23.82,23.84,23.27,23.6,23.9
979,2021-05-21,23.88,23.49,24.09,23.03,23.82,23.6
980,2021-05-24,23.48,23.48,23.6,23.19,23.49,23.82
981,2021-05-25,23.54,24.6,24.73,23.45,23.48,23.49
982,2021-05-26,24.64,25.01,25.12,24.5,24.6,23.48
983,2021-05-27,24.91,24.79,25.16,24.52,25.01,24.6
984,2021-05-28,24.68,24.5,24.71,24.16,24.79,25.01
985,2021-05-31,24.33,24.2,24.53,23.91,24.5,24.79
986,2021-06-01,24.2,23.92,24.25,23.5,24.2,24.5
987,2021-06-02,23.89,23.89,23.92,23.38,23.92,24.2
988,2021-06-03,23.72,23.77,24.14,23.68,23.89,23.92
989,2021-06-04,23.99,24.54,24.96,23.8,23.77,23.89
990,2021-06-07,24.48,24.3,24.48,23.93,24.54,23.77
991,2021-06-08,24.15,24.53,24.57,23.95,24.3,24.54
992,2021-06-09,24.43,24.65,24.88,24.18,24.53,24.3
993,2021-06-10,24.66,24.2,25.06,24.15,24.65,24.53
994,2021-06-11,24.31,23.37,24.35,23.12,24.2,24.65
995,2021-06-15,23.35,23.22,23.43,22.8,23.37,24.2
996,2021-06-16,23.22,23.26,23.4,23.01,23.22,23.37
997,2021-06-17,23.02,23.1,23.69,23.02,23.26,23.22
998,2021-06-18,23.13,22.65,23.28,22.39,23.1,23.26
999,2021-06-21,22.6,22.16,22.67,22.01,22.65,23.1
1000,2021-06-22,22.38,22.97,23.09,22.25,22.16,22.65
1001,2021-06-23,22.85,23.14,23.41,22.72,22.97,22.16
1002,2021-06-24,23.03,23.08,23.12,22.68,23.14,22.97
1003,2021-06-25,23.08,23.36,23.6,23.06,23.08,23.14
1004,2021-06-28,23.36,22.78,23.39,22.48,23.36,23.08
1005,2021-06-29,22.58,22.34,22.79,22.0,22.78,23.36
1006,2021-06-30,22.36,22.62,22.93,22.35,22.34,22.78
1007,2021-07-01,22.81,23.2,23.5,22.52,22.62,22.34
1008,2021-07-02,22.72,21.81,22.74,21.76,23.2,22.62
1009,2021-07-05,21.69,22.06,22.15,21.09,21.81,23.2
1010,2021-07-06,22.08,22.78,23.0,21.85,22.06,21.81
1011,2021-07-07,22.68,22.55,23.05,22.5,22.78,22.06
1012,2021-07-08,22.78,21.51,22.78,21.2,22.55,22.78
1013,2021-07-09,21.3,21.27,21.63,21.02,21.51,22.55
1014,2021-07-12,21.5,21.16,21.5,20.89,21.27,21.51
1015,2021-07-13,21.15,21.12,21.34,20.54,21.16,21.27
1016,2021-07-14,21.0,20.76,21.0,20.41,21.12,21.16
1017,2021-07-15,20.72,21.62,21.72,20.63,20.76,21.12
1018,2021-07-16,21.41,21.34,21.82,21.3,21.62,20.76
1019,2021-07-19,21.36,21.21,21.43,20.78,21.34,21.62
1020,2021-07-20,21.1,20.6,21.2,20.47,21.21,21.34
1021,2021-07-21,20.58,20.45,20.8,20.2,20.6,21.21
1022,2021-07-22,20.45,20.38,20.66,20.24,20.45,20.6
1023,2021-07-23,20.38,20.1,20.38,20.0,20.38,20.45
1024,2021-07-26,19.96,18.8,19.99,18.43,20.1,20.38
1025,2021-07-27,18.87,17.76,18.99,17.6,18.8,20.1
1026,2021-07-28,17.85,17.75,18.07,17.68,17.76,18.8
1027,2021-07-29,17.91,17.96,18.24,17.78,17.75,17.76
1028,2021-07-30,17.92,17.69,18.05,17.24,17.96,17.75
1029,2021-08-02,17.64,18.01,18.14,17.18,17.69,17.96
1030,2021-08-03,17.99,17.89,18.15,17.66,18.01,17.69
1031,2021-08-04,18.04,17.81,18.07,17.6,17.89,18.01
1032,2021-08-05,17.7,17.68,18.05,17.58,17.81,17.89
1033,2021-08-06,17.55,17.86,17.9,17.45,17.68,17.81
1034,2021-08-09,17.91,19.06,19.25,17.84,17.86,17.68
1035,2021-08-10,19.09,19.73,19.98,18.9,19.06,17.86
1036,2021-08-11,19.99,19.81,20.58,19.7,19.73,19.06
1037,2021-08-12,19.79,19.89,20.3,19.63,19.81,19.73
1038,2021-08-13,19.78,19.89,19.92,19.5,19.89,19.81
1039,2021-08-16,20.09,19.95,20.2,19.57,19.89,19.89
1040,2021-08-17,19.85,19.67,20.22,19.61,19.95,19.89
1041,2021-08-18,19.67,20.62,21.2,19.55,19.67,19.95
1042,2021-08-19,20.48,20.34,20.62,20.02,20.62,19.67
1043,2021-08-20,19.97,19.42,20.07,18.7,20.34,20.62
1044,2021-08-23,19.5,19.3,20.05,19.11,19.42,20.34
1045,2021-08-24,19.35,19.36,19.97,19.21,19.3,19.42
1046,2021-08-25,19.42,19.16,19.47,18.95,19.36,19.3
1047,2021-08-26,19.2,18.46,19.26,18.41,19.16,19.36
1048,2021-08-27,18.56,18.39,18.88,18.31,18.46,19.16
1049,2021-08-30,18.21,17.72,18.29,17.55,18.39,18.46
1050,2021-08-31,17.72,17.8,17.93,17.31,17.72,18.39
1051,2021-09-01,17.48,17.88,17.92,17.01,17.8,17.72
1052,2021-09-02,18.0,18.4,18.78,17.8,17.88,17.8
1053,2021-09-03,18.5,18.04,18.5,17.7,18.4,17.88
1054,2021-09-06,17.93,18.45,18.6,17.78,18.04,18.4
1055,2021-09-07,18.6,19.24,19.56,18.35,18.45,18.04
1056,2021-09-08,19.24,19.23,19.55,19.1,19.24,18.45
1057,2021-09-09,19.11,19.0,19.15,18.8,19.23,19.24
1058,2021-09-10,18.89,20.57,20.77,18.84,19.0,19.23
1059,2021-09-13,20.36,20.21,20.51,19.81,20.57,19.0
1060,2021-09-14,20.18,19.37,20.27,19.27,20.21,20.57
1061,2021-09-15,19.31,19.52,20.99,19.19,19.37,20.21
1062,2021-09-16,19.3,19.08,19.5,18.73,19.52,19.37
1063,2021-09-17,18.9,18.53,19.0,18.41,19.08,19.52
1064,2021-09-22,17.87,17.98,18.05,17.42,18.53,19.08
1065,2021-09-23,18.1,17.68,18.32,17.65,17.98,18.53
1066,2021-09-24,17.6,17.35,17.68,17.34,17.68,17.98
1067,2021-09-27,17.21,17.57,17.68,17.06,17.35,17.68
1068,2021-09-28,17.47,17.97,18.17,17.45,17.57,17.35
1069,2021-09-29,17.86,18.15,18.44,17.71,17.97,17.57
1070,2021-09-30,18.09,17.93,18.2,17.71,18.15,17.97
1071,2021-10-08,18.17,18.64,18.89,18.02,17.93,18.15
1072,2021-10-11,19.0,19.4,19.74,19.0,18.64,17.93
1073,2021-10-12,19.3,19.35,19.71,19.2,19.4,18.64
1074,2021-10-13,19.3,19.58,19.91,19.17,19.35,19.4
1075,2021-10-14,19.59,19.21,19.92,18.89,19.58,19.35
1076,2021-10-15,19.0,19.66,19.9,19.0,19.21,19.58
1077,2021-10-18,19.45,19.29,19.55,19.1,19.66,19.21
1078,2021-10-19,19.15,19.57,19.68,19.15,19.29,19.66
1079,2021-10-20,19.75,19.24,19.78,19.19,19.57,19.29
1080,2021-10-21,19.52,20.0,20.06,19.25,19.24,19.57
1081,2021-10-22,20.16,20.04,20.59,19.8,20.0,19.24
1082,2021-10-25,19.71,20.12,20.2,19.5,20.04,20.0
1083,2021-10-26,20.06,20.05,20.45,19.86,20.12,20.04
1084,2021-10-27,20.0,19.92,20.17,19.59,20.05,20.12
1085,2021-10-28,19.8,19.72,19.94,19.37,19.92,20.05
1086,2021-10-29,19.63,19.5,19.74,19.32,19.72,19.92
1087,2021-11-01,19.33,19.39,19.73,19.01,19.5,19.72
1088,2021-11-02,19.37,18.18,19.49,17.99,19.39,19.5
1089,2021-11-03,18.1,18.03,18.24,17.85,18.18,19.39
1090,2021-11-04,18.08,17.87,18.1,17.8,18.03,18.18
1091,2021-11-05,17.85,17.64,18.0,17.57,17.87,18.03
1092,2021-11-08,17.62,17.42,17.81,17.36,17.64,17.87
1093,2021-11-09,17.48,17.53,17.65,17.26,17.42,17.64
1094,2021-11-10,17.46,17.4,17.47,17.16,17.53,17.42
1095,2021-11-11,17.35,18.35,18.43,17.32,17.4,17.53
1096,2021-11-12,18.31,18.27,18.63,18.11,18.35,17.4
1097,2021-11-15,18.35,18.43,18.63,18.2,18.27,18.35
1098,2021-11-16,18.36,18.22,18.54,18.17,18.43,18.27
1099,2021-11-17,18.15,18.11,18.3,17.98,18.22,18.43
1100,2021-11-18,18.09,17.8,18.12,17.73,18.11,18.22
1101,2021-11-19,17.8,18.15,18.24,17.7,17.8,18.11
1102,2021-11-22,18.03,18.12,18.25,17.9,18.15,17.8
1103,2021-11-23,18.11,17.88,18.35,17.68,18.12,18.15
1104,2021-11-24,17.77,17.87,17.95,17.66,17.88,18.12
1105,2021-11-25,17.74,17.68,17.79,17.63,17.87,17.88
1106,2021-11-26,17.62,17.58,17.67,17.52,17.68,17.87
1107,2021-11-29,17.41,17.51,17.57,17.36,17.58,17.68
1108,2021-11-30,17.54,17.44,17.68,17.35,17.51,17.58
1109,2021-12-01,17.43,17.64,17.77,17.37,17.44,17.51
1110,2021-12-02,17.62,17.59,17.81,17.37,17.64,17.44
1111,2021-12-03,17.64,17.65,17.7,17.41,17.59,17.64
1112,2021-12-06,17.85,18.1,18.56,17.8,17.65,17.59
1113,2021-12-07,18.3,18.46,18.67,18.15,18.1,17.65
1114,2021-12-08,18.45,18.47,18.55,18.16,18.46,18.1
1115,2021-12-09,18.49,18.7,19.06,18.37,18.47,18.46
1116,2021-12-10,18.51,18.38,18.7,18.27,18.7,18.47
1117,2021-12-13,18.47,18.27,18.88,18.18,18.38,18.7
1118,2021-12-14,18.16,17.58,18.17,17.52,18.27,18.38
1119,2021-12-15,17.51,17.55,17.66,17.4,17.58,18.27
1120,2021-12-16,17.55,17.72,17.73,17.46,17.55,17.58
1121,2021-12-17,17.7,17.57,17.75,17.57,17.72,17.55
1122,2021-12-20,17.56,17.52,17.65,17.45,17.57,17.72
1123,2021-12-21,17.49,17.59,17.71,17.48,17.52,17.57
1124,2021-12-22,17.62,17.39,17.64,17.3,17.59,17.52
1125,2021-12-23,17.4,17.32,17.43,17.21,17.39,17.59
1126,2021-12-24,17.33,17.31,17.35,17.21,17.32,17.39
1127,2021-12-27,17.33,17.22,17.35,17.16,17.31,17.32
1128,2021-12-28,17.22,17.17,17.33,17.09,17.22,17.31
1129,2021-12-29,17.16,16.75,17.16,16.7,17.17,17.22
1130,2021-12-30,16.76,16.82,16.95,16.72,16.75,17.17
1131,2021-12-31,16.86,16.48,16.9,16.4,16.82,16.75
1132,2022-01-04,16.48,16.66,16.66,16.18,16.48,16.82
1133,2022-01-05,16.58,17.15,17.22,16.55,16.66,16.48
1134,2022-01-06,17.11,17.12,17.27,17.0,17.15,16.66
1135,2022-01-07,17.1,17.2,17.28,17.06,17.12,17.15
1136,2022-01-10,17.29,17.19,17.42,17.03,17.2,17.12
1137,2022-01-11,17.26,17.41,17.54,17.14,17.19,17.2
1138,2022-01-12,17.41,17.0,17.45,16.9,17.41,17.19
1139,2022-01-13,16.91,16.98,17.24,16.82,17.0,17.41
1140,2022-01-14,17.0,16.33,17.02,16.3,16.98,17.0
1141,2022-01-17,16.35,16.22,16.48,16.12,16.33,16.98
1142,2022-01-18,16.25,16.52,16.54,16.16,16.22,16.33
1143,2022-01-19,16.54,16.5,16.69,16.36,16.52,16.22
1144,2022-01-20,16.47,17.33,17.46,16.42,16.5,16.52
1145,2022-01-21,17.45,17.35,17.56,17.21,17.33,16.5
1146,2022-01-24,17.34,17.2,17.38,16.98,17.35,17.33
1147,2022-01-25,17.08,16.85,17.08,16.81,17.2,17.35
1148,2022-01-26,16.95,16.65,17.1,16.54,16.85,17.2
1149,2022-01-27,16.5,16.3,16.54,16.25,16.65,16.85
1150,2022-01-28,16.39,15.83,16.45,15.82,16.3,16.65
1151,2022-02-07,16.02,16.39,16.41,15.89,15.83,16.3
1152,2022-02-08,16.3,16.83,16.97,16.26,16.39,15.83
1153,2022-02-09,16.92,16.86,17.0,16.71,16.83,16.39
1154,2022-02-10,16.77,16.99,17.03,16.67,16.86,16.83
1155,2022-02-11,17.03,17.1,17.34,17.03,16.99,16.86
1156,2022-02-14,17.1,16.58,17.15,16.51,17.1,16.99
1157,2022-02-15,16.5,16.28,16.67,16.1,16.58,17.1
1158,2022-02-16,16.35,16.41,16.53,16.21,16.28,16.58
1159,2022-02-17,16.39,16.42,16.55,16.32,16.41,16.28
1160,2022-02-18,16.32,16.77,16.77,16.31,16.42,16.41
1161,2022-02-21,16.66,16.51,16.67,16.32,16.77,16.42
1162,2022-02-22,16.31,16.23,16.44,16.16,16.51,16.77
1163,2022-02-23,16.3,16.19,16.31,16.04,16.23,16.51
1164,2022-02-24,16.13,15.91,16.15,15.8,16.19,16.23
1165,2022-02-25,15.99,15.9,16.08,15.87,15.91,16.19
1166,2022-02-28,15.9,15.75,15.92,15.62,15.9,15.91
1167,2022-03-01,15.79,15.92,15.95,15.62,15.75,15.9
1168,2022-03-02,15.79,15.68,15.87,15.66,15.92,15.75
1169,2022-03-03,15.73,15.71,15.81,15.63,15.68,15.92
1170,2022-03-04,15.62,15.33,15.63,15.28,15.71,15.68
1171,2022-03-07,15.17,14.72,15.17,14.66,15.33,15.71
1172,2022-03-08,14.62,14.31,14.86,14.25,14.72,15.33
1173,2022-03-09,14.4,13.84,14.45,13.22,14.31,14.72
1174,2022-03-10,14.18,14.57,14.75,14.09,13.84,14.31
1175,2022-03-11,14.4,14.9,14.98,14.15,14.57,13.84
1176,2022-03-14,14.63,14.49,14.93,14.45,14.9,14.57
1177,2022-03-15,14.4,13.68,14.4,13.6,14.49,14.9
1178,2022-03-16,13.86,14.31,14.4,13.51,13.68,14.49
1179,2022-03-17,14.66,14.45,14.71,14.24,14.31,13.68
1180,2022-03-18,14.36,14.7,14.85,14.14,14.45,14.31
1181,2022-03-21,14.5,14.59,14.82,14.39,14.7,14.45
1182,2022-03-22,14.59,15.18,15.22,14.5,14.59,14.7
1183,2022-03-23,15.11,15.0,15.19,14.9,15.18,14.59
1184,2022-03-24,14.92,15.2,15.31,14.81,15.0,15.18
1185,2022-03-25,15.15,14.98,15.25,14.82,15.2,15.0
1186,2022-03-28,14.8,14.85,15.05,14.63,14.98,15.2
1187,2022-03-29,14.88,14.68,14.95,14.6,14.85,14.98
1188,2022-03-30,14.86,15.21,15.27,14.76,14.68,14.85
1189,2022-03-31,15.1,15.38,15.57,15.06,15.21,14.68
1190,2022-04-01,15.37,15.75,15.79,15.2,15.38,15.21
1191,2022-04-06,15.64,16.39,16.54,15.63,15.75,15.38
1192,2022-04-07,16.38,16.28,16.66,16.2,16.39,15.75
1193,2022-04-08,16.26,16.4,16.45,16.13,16.28,16.39
1194,2022-04-11,16.35,16.05,16.4,15.8,16.4,16.28
1195,2022-04-12,16.05,15.92,16.26,15.66,16.05,16.4
1196,2022-04-13,15.89,15.8,16.08,15.72,15.92,16.05
1197,2022-04-14,16.0,16.04,16.25,15.92,15.8,15.92
1198,2022-04-15,15.9,16.42,16.53,15.86,16.04,15.8
1199,2022-04-18,16.15,15.9,16.2,15.81,16.42,16.04
1200,2022-04-19,15.9,15.81,15.97,15.62,15.9,16.42
1201,2022-04-20,15.81,15.85,16.05,15.7,15.81,15.9
1202,2022-04-21,15.77,15.81,15.98,15.7,15.85,15.81
1203,2022-04-22,15.64,16.06,16.19,15.4,15.81,15.85
1204,2022-04-25,15.67,14.85,15.91,14.78,16.06,15.81
1205,2022-04-26,14.88,14.73,14.98,14.45,14.85,16.06
1206,2022-04-27,14.98,15.65,15.65,14.96,14.73,14.85
1207,2022-04-28,15.57,15.65,15.93,15.37,15.65,14.73
1208,2022-04-29,15.69,15.32,15.74,14.97,15.65,15.65
1209,2022-05-05,15.2,15.32,15.45,15.15,15.32,15.65
1210,2022-05-06,15.02,14.96,15.2,14.91,15.32,15.32
1211,2022-05-09,14.94,14.55,14.94,14.46,14.96,15.32
1212,2022-05-10,14.5,14.59,14.6,14.11,14.55,14.96
1213,2022-05-11,14.54,14.63,14.84,14.44,14.59,14.55
1214,2022-05-12,14.48,14.38,14.56,14.33,14.63,14.59
1215,2022-05-13,14.5,14.61,14.66,14.49,14.38,14.63
1216,2022-05-16,14.66,14.41,14.73,14.35,14.61,14.38
1217,2022-05-17,14.51,14.71,14.72,14.32,14.41,14.61
1218,2022-05-18,14.85,14.75,14.89,14.67,14.71,14.41
1219,2022-05-19,14.55,14.62,14.7,14.5,14.75,14.71
1220,2022-05-20,14.7,15.02,15.04,14.67,14.62,14.75
1221,2022-05-23,15.07,14.83,15.07,14.76,15.02,14.62
1222,2022-05-24,14.87,14.4,14.87,14.4,14.83,15.02
1223,2022-05-25,14.43,14.39,14.49,14.3,14.4,14.83
1224,2022-05-26,14.41,14.19,14.43,14.07,14.39,14.4
1225,2022-05-27,14.29,14.18,14.35,14.11,14.19,14.39
1226,2022-05-30,14.26,14.08,14.28,14.04,14.18,14.19
1227,2022-05-31,14.07,14.16,14.18,14.0,14.08,14.18
1228,2022-06-01,14.14,14.08,14.14,14.0,14.16,14.08
1229,2022-06-02,14.02,13.95,14.03,13.88,14.08,14.16
1230,2022-06-06,13.91,14.17,14.17,13.64,13.95,14.08
1231,2022-06-07,14.02,14.16,14.25,13.99,14.17,13.95
1232,2022-06-08,14.16,14.16,14.17,14.01,14.16,14.17
1233,2022-06-09,14.14,14.35,14.46,14.1,14.16,14.16
1234,2022-06-10,14.26,14.32,14.33,14.13,14.35,14.16
1235,2022-06-13,14.18,13.91,14.19,13.88,14.32,14.35
1236,2022-06-14,13.71,14.12,14.13,13.71,13.91,14.32
1237,2022-06-15,14.1,14.74,15.11,14.06,14.12,13.91
1238,2022-06-16,14.74,14.44,14.83,14.42,14.74,14.12
1239,2022-06-17,14.32,14.45,14.53,14.2,14.44,14.74
1240,2022-06-20,14.44,14.34,14.44,14.26,14.45,14.44
1241,2022-06-21,14.34,14.37,14.63,14.23,14.34,14.45
1242,2022-06-22,14.36,14.08,14.36,14.08,14.37,14.34
1243,2022-06-23,14.09,14.2,14.23,14.06,14.08,14.37
1244,2022-06-24,14.2,14.23,14.25,14.11,14.2,14.08
1245,2022-06-27,14.24,14.49,14.56,14.22,14.23,14.2
1246,2022-06-28,14.47,14.63,14.67,14.41,14.49,14.23
1247,2022-06-29,14.65,14.64,14.9,14.55,14.63,14.49
1248,2022-06-30,14.63,14.98,15.02,14.55,14.64,14.63
1249,2022-07-01,15.0,14.92,15.07,14.84,14.98,14.64
1250,2022-07-04,14.95,14.94,14.98,14.75,14.92,14.98
1251,2022-07-05,14.99,14.91,15.27,14.82,14.94,14.92
1252,2022-07-06,14.83,14.53,14.93,14.46,14.91,14.94
1253,2022-07-07,14.54,14.42,14.65,14.38,14.53,14.91
1254,2022-07-08,14.5,14.54,14.65,14.37,14.42,14.53
1255,2022-07-11,14.5,14.46,14.57,14.36,14.54,14.42
1256,2022-07-12,14.41,14.42,14.73,14.38,14.46,14.54
1257,2022-07-13,14.42,13.97,14.47,13.89,14.42,14.46
1258,2022-07-14,13.7,13.37,13.71,13.29,13.97,14.42
1259,2022-07-15,13.48,13.24,13.56,13.22,13.37,13.97
1260,2022-07-18,13.25,13.39,13.44,13.21,13.24,13.37
1261,2022-07-19,13.34,13.42,13.43,13.28,13.39,13.24
1262,2022-07-20,13.43,13.39,13.47,13.35,13.42,13.39
1263,2022-07-21,13.32,13.01,13.34,12.99,13.39,13.42
1264,2022-07-22,12.84,12.81,12.93,12.62,13.01,13.39
1265,2022-07-25,12.8,12.82,12.85,12.67,12.81,13.01
1266,2022-07-26,12.75,12.91,12.91,12.71,12.82,12.81
1267,2022-07-27,12.85,12.79,12.88,12.73,12.91,12.82
1268,2022-07-28,12.81,12.88,12.91,12.78,12.79,12.91
1269,2022-07-29,12.88,12.68,12.9,12.65,12.88,12.79
1270,2022-08-01,12.66,12.42,12.66,12.4,12.68,12.88
1271,2022-08-02,12.22,12.26,12.34,11.94,12.42,12.68
1272,2022-08-03,12.19,12.03,12.27,12.01,12.26,12.42
1273,2022-08-04,12.1,12.16,12.17,12.02,12.03,12.26
1274,2022-08-05,12.13,12.31,12.33,11.98,12.16,12.03
1275,2022-08-08,12.25,12.2,12.36,12.16,12.31,12.16
1276,2022-08-09,12.21,12.12,12.22,12.08,12.2,12.31
1277,2022-08-10,12.12,12.06,12.24,12.02,12.12,12.2
1278,2022-08-11,12.08,12.35,12.39,12.04,12.06,12.12
1279,2022-08-12,12.26,12.38,12.41,12.2,12.35,12.06
1280,2022-08-15,12.29,12.11,12.36,12.09,12.38,12.35
1281,2022-08-16,12.11,12.13,12.2,12.1,12.11,12.38
1282,2022-08-17,12.15,12.4,12.42,12.07,12.13,12.11
1283,2022-08-18,12.48,12.25,12.54,12.16,12.4,12.13
1284,2022-08-19,12.27,12.57,12.75,12.23,12.25,12.4
1285,2022-08-22,12.58,12.5,12.68,12.41,12.57,12.25
1286,2022-08-23,12.45,12.34,12.49,12.28,12.5,12.57
1287,2022-08-24,12.33,12.4,12.54,12.33,12.34,12.5
1288,2022-08-25,12.4,12.62,12.66,12.3,12.4,12.34
1289,2022-08-26,12.68,12.61,12.75,12.46,12.62,12.4
1290,2022-08-29,12.5,12.42,12.56,12.31,12.61,12.62
1291,2022-08-30,12.43,12.48,12.54,12.28,12.42,12.61
1292,2022-08-31,12.38,12.75,12.78,12.36,12.48,12.42
1293,2022-09-01,12.65,12.61,12.79,12.58,12.75,12.48
1294,2022-09-02,12.62,12.51,12.69,12.43,12.61,12.75
1295,2022-09-05,12.46,12.57,12.6,12.37,12.51,12.61
1296,2022-09-06,12.58,12.5,12.66,12.43,12.57,12.51
1297,2022-09-07,12.42,12.33,12.42,12.28,12.5,12.57
1298,2022-09-08,12.32,12.36,12.44,12.3,12.33,12.5
1299,2022-09-09,12.4,12.72,12.74,12.36,12.36,12.33
1300,2022-09-13,12.88,12.95,13.02,12.66,12.72,12.36
1301,2022-09-14,12.75,12.73,12.87,12.7,12.95,12.72
1302,2022-09-15,12.8,13.0,13.1,12.77,12.73,12.95
1303,2022-09-16,12.92,12.56,12.95,12.56,13.0,12.73
1304,2022-09-19,12.54,12.57,12.67,12.48,12.56,13.0
1305,2022-09-20,12.61,12.34,12.63,12.32,12.57,12.56
1306,2022-09-21,12.31,12.43,12.48,12.2,12.34,12.57
1307,2022-09-22,12.33,12.29,12.36,12.25,12.43,12.34
1308,2022-09-23,12.24,12.29,12.43,12.23,12.29,12.43
1309,2022-09-26,12.16,12.0,12.28,11.99,12.29,12.29
1310,2022-09-27,12.0,12.15,12.16,11.81,12.0,12.29
1311,2022-09-28,12.09,12.11,12.25,11.92,12.15,12.0
1312,2022-09-29,12.25,11.86,12.28,11.82,12.11,12.15
1313,2022-09-30,11.87,11.84,11.96,11.83,11.86,12.11
1314,2022-10-10,11.7,11.47,11.77,11.46,11.84,11.86
1315,2022-10-11,11.54,11.48,11.58,11.41,11.47,11.84
1316,2022-10-12,11.45,11.6,11.62,11.35,11.48,11.47
1317,2022-10-13,11.51,11.34,11.54,11.31,11.6,11.48
1318,2022-10-14,11.45,11.53,11.63,11.4,11.34,11.6
1319,2022-10-17,11.42,11.48,11.52,11.34,11.53,11.34
1320,2022-10-18,11.55,11.48,11.64,11.46,11.48,11.53
1321,2022-10-19,11.42,11.29,11.49,11.28,11.48,11.48
1322,2022-10-20,11.23,11.2,11.31,11.16,11.29,11.48
1323,2022-10-21,11.21,11.09,11.25,11.07,11.2,11.29
1324,2022-10-24,11.09,10.62,11.1,10.61,11.09,11.2
1325,2022-10-25,10.7,10.65,10.81,10.6,10.62,11.09
1326,2022-10-26,10.64,10.66,10.73,10.61,10.65,10.62
1327,2022-10-27,10.7,10.68,10.77,10.66,10.66,10.65
1328,2022-10-28,10.63,10.42,10.7,10.41,10.68,10.66
1329,2022-10-31,10.33,10.34,10.45,10.22,10.42,10.68
1330,2022-11-01,10.38,10.67,10.68,10.36,10.34,10.42
1331,2022-11-02,10.61,10.63,10.68,10.48,10.67,10.34
1332,2022-11-03,10.54,10.44,10.57,10.38,10.63,10.67
1333,2022-11-04,10.4,10.82,10.85,10.39,10.44,10.63
1334,2022-11-07,10.81,10.88,10.91,10.73,10.82,10.44
1335,2022-11-08,10.89,10.85,10.92,10.78,10.88,10.82
1336,2022-11-09,10.84,10.89,11.08,10.82,10.85,10.88
1337,2022-11-10,10.79,10.87,10.9,10.69,10.89,10.85
1338,2022-11-11,11.13,11.43,11.66,11.01,10.87,10.89
1339,2022-11-14,11.7,11.95,12.28,11.7,11.43,10.87
1340,2022-11-15,11.86,12.01,12.18,11.83,11.95,11.43
1341,2022-11-16,11.97,11.82,12.05,11.79,12.01,11.95
1342,2022-11-17,11.81,11.69,11.84,11.58,11.82,12.01
1343,2022-11-18,11.74,11.59,11.78,11.57,11.69,11.82
1344,2022-11-21,11.48,11.46,11.5,11.22,11.59,11.69
1345,2022-11-22,11.46,11.82,11.93,11.44,11.46,11.59
1346,2022-11-23,11.78,11.82,12.05,11.72,11.82,11.46
1347,2022-11-24,11.92,11.77,11.99,11.69,11.82,11.82
1348,2022-11-25,11.79,12.17,12.23,11.77,11.77,11.82
1349,2022-11-28,11.9,11.81,11.92,11.69,12.17,11.77
1350,2022-11-29,12.16,12.99,12.99,12.13,11.81,12.17
1351,2022-11-30,12.9,13.03,13.34,12.82,12.99,11.81
1352,2022-12-01,13.38,13.1,13.66,13.07,13.03,12.99
1353,2022-12-02,13.14,12.9,13.15,12.69,13.1,13.03
1354,2022-12-05,13.09,13.53,13.57,13.01,12.9,13.1
1355,2022-12-06,13.34,13.43,13.66,13.25,13.53,12.9
1356,2022-12-07,13.33,13.15,13.37,13.03,13.43,13.53
1357,2022-12-08,13.15,13.36,13.52,13.12,13.15,13.43
1358,2022-12-09,13.4,13.7,13.75,13.35,13.36,13.15
1359,2022-12-12,13.58,13.11,13.58,13.06,13.7,13.36
1360,2022-12-13,13.15,13.24,13.36,13.14,13.11,13.7
1361,2022-12-14,13.23,13.23,13.4,13.08,13.24,13.11
1362,2022-12-15,13.14,13.1,13.28,12.94,13.23,13.24
1363,2022-12-16,13.02,13.34,13.4,13.02,13.1,13.23
1364,2022-12-19,13.33,13.04,13.47,12.95,13.34,13.1
1365,2022-12-20,12.97,12.76,13.08,12.67,13.04,13.34
1366,2022-12-21,12.85,12.89,12.99,12.74,12.76,13.04
1367,2022-12-22,13.0,12.95,13.15,12.9,12.89,12.76
1368,2022-12-23,12.85,12.98,13.06,12.8,12.95,12.89
1369,2022-12-26,12.99,12.77,13.04,12.71,12.98,12.95
1370,2022-12-27,12.87,13.11,13.22,12.87,12.77,12.98
1371,2022-12-28,13.16,13.14,13.38,13.0,13.11,12.77
1372,2022-12-29,13.07,13.03,13.13,12.85,13.14,13.11
1373,2022-12-30,13.04,13.16,13.28,12.96,13.03,13.14
1374,2023-01-03,13.2,13.77,13.85,13.05,13.16,13.03
1375,2023-01-04,13.71,14.32,14.42,13.63,13.77,13.16
1376,2023-01-05,14.4,14.48,14.74,14.37,14.32,13.77
1377,2023-01-06,14.5,14.62,14.72,14.48,14.48,14.32
1378,2023-01-09,14.75,14.8,14.88,14.52,14.62,14.48
1379,2023-01-10,14.76,14.44,14.89,14.39,14.8,14.62
1380,2023-01-11,14.45,14.67,14.78,14.39,14.44,14.8
1381,2023-01-12,14.77,14.67,14.77,14.53,14.67,14.44
1382,2023-01-13,14.67,14.95,14.95,14.55,14.67,14.67
1383,2023-01-16,14.95,15.08,15.28,14.85,14.95,14.67
1384,2023-01-17,15.13,14.97,15.18,14.77,15.08,14.95
1385,2023-01-18,14.95,15.11,15.18,14.91,14.97,15.08
1386,2023-01-19,15.13,15.09,15.25,14.87,15.11,14.97
1387,2023-01-20,15.16,15.13,15.24,15.0,15.09,15.11
1388,2023-01-30,15.6,15.15,15.74,14.89,15.13,15.09
1389,2023-01-31,15.24,14.99,15.51,14.96,15.15,15.13
1390,2023-02-01,15.03,14.7,15.08,14.51,14.99,15.15
1391,2023-02-02,14.74,14.6,14.78,14.27,14.7,14.99
1392,2023-02-03,14.45,14.32,14.55,14.16,14.6,14.7
1393,2023-02-06,14.1,14.0,14.13,13.86,14.32,14.6
1394,2023-02-07,14.06,14.21,14.32,14.03,14.0,14.32
1395,2023-02-08,14.24,14.04,14.32,14.03,14.21,14.0
1396,2023-02-09,14.01,14.13,14.3,13.96,14.04,14.21
1397,2023-02-10,14.1,13.98,14.12,13.86,14.13,14.04
1398,2023-02-13,13.94,13.82,13.94,13.6,13.98,14.13
1399,2023-02-14,13.85,13.96,13.98,13.8,13.82,13.98
1400,2023-02-15,13.95,13.67,13.96,13.62,13.96,13.82
1401,2023-02-16,13.68,13.6,13.91,13.5,13.67,13.96
1402,2023-02-17,13.63,13.43,13.72,13.43,13.6,13.67
1403,2023-02-20,13.5,14.15,14.15,13.49,13.43,13.6
1404,2023-02-21,14.06,14.1,14.2,13.92,14.15,13.43
1405,2023-02-22,14.0,14.02,14.12,13.94,14.1,14.15
1406,2023-02-23,14.0,14.05,14.32,13.98,14.02,14.1
1407,2023-02-24,14.02,13.86,14.03,13.8,14.05,14.02
1408,2023-02-27,13.75,13.69,13.88,13.68,13.86,14.05
1409,2023-02-28,13.75,13.78,13.85,13.61,13.69,13.86
1410,2023-03-01,13.8,14.17,14.19,13.74,13.78,13.69
1411,2023-03-02,14.13,14.24,14.44,14.06,14.17,13.78
1412,2023-03-03,14.35,14.29,14.37,14.14,14.24,14.17
1413,2023-03-06,14.3,13.85,14.3,13.72,14.29,14.24
1414,2023-03-07,13.85,13.69,14.1,13.65,13.85,14.29
1415,2023-03-08,13.63,13.53,13.64,13.4,13.69,13.85
1416,2023-03-09,13.54,13.2,13.58,13.13,13.53,13.69
1417,2023-03-10,13.0,13.14,13.27,13.0,13.2,13.53
1418,2023-03-13,13.12,13.05,13.29,13.0,13.14,13.2
1419,2023-03-14,12.99,12.87,13.0,12.73,13.05,13.14
1420,2023-03-15,13.05,13.05,13.18,12.94,12.87,13.05
1421,2023-03-16,12.89,12.82,13.03,12.8,13.05,12.87
1422,2023-03-17,12.99,12.75,13.04,12.65,12.82,13.05
1423,2023-03-20,12.76,12.57,12.85,12.55,12.75,12.82
1424,2023-03-21,12.65,12.7,12.78,12.5,12.57,12.75
1425,2023-03-22,12.75,12.79,12.88,12.71,12.7,12.57
1426,2023-03-23,12.7,12.9,12.9,12.63,12.79,12.7
1427,2023-03-24,12.85,12.82,12.86,12.76,12.9,12.79
1428,2023-03-27,12.8,12.6,12.81,12.46,12.82,12.9
1429,2023-03-28,12.66,12.64,12.73,12.55,12.6,12.82
1430,2023-03-29,12.73,12.53,12.74,12.5,12.64,12.6
1431,2023-03-30,12.55,12.68,12.71,12.41,12.53,12.64
1432,2023-03-31,12.69,12.53,12.77,12.51,12.68,12.53
1433,2023-04-03,12.55,12.67,12.69,12.46,12.53,12.68
1434,2023-04-04,12.64,12.65,12.72,12.59,12.67,12.53
1435,2023-04-06,12.6,12.58,12.61,12.5,12.65,12.67
1436,2023-04-07,12.57,12.62,12.69,12.5,12.58,12.65
1437,2023-04-10,12.64,12.68,12.7,12.58,12.62,12.58
1438,2023-04-11,12.7,12.54,12.72,12.52,12.68,12.62
1439,2023-04-12,12.58,12.48,12.59,12.45,12.54,12.68
1440,2023-04-13,12.41,12.56,12.67,12.3,12.48,12.54
1441,2023-04-14,12.6,12.69,12.9,12.58,12.56,12.48
1442,2023-04-17,12.66,12.93,12.94,12.6,12.69,12.56
1443,2023-04-18,12.93,13.0,13.2,12.89,12.93,12.69
1444,2023-04-19,13.02,12.85,13.07,12.83,13.0,12.93
1445,2023-04-20,12.9,12.75,12.9,12.62,12.85,13.0
1446,2023-04-21,12.7,12.5,12.83,12.48,12.75,12.85
1447,2023-04-24,12.48,12.1,12.5,12.03,12.5,12.75
1448,2023-04-25,12.14,12.28,12.37,12.12,12.1,12.5
1449,2023-04-26,12.25,12.12,12.25,11.99,12.28,12.1
1450,2023-04-27,12.06,12.26,12.35,12.0,12.12,12.28
1451,2023-04-28,12.26,12.55,12.78,12.22,12.26,12.12
1452,2023-05-04,12.4,12.73,12.83,12.19,12.55,12.26
1453,2023-05-05,12.78,12.91,13.11,12.75,12.73,12.55
1454,2023-05-08,12.94,13.32,13.49,12.84,12.91,12.73
1455,2023-05-09,13.4,13.16,13.6,13.13,13.32,12.91
1456,2023-05-10,13.17,12.84,13.26,12.8,13.16,13.32
1457,2023-05-11,12.95,12.85,13.12,12.8,12.84,13.16
1458,2023-05-12,12.82,12.62,12.87,12.61,12.85,12.84
1459,2023-05-15,12.68,12.83,12.85,12.45,12.62,12.85
1460,2023-05-16,12.8,12.62,12.92,12.57,12.83,12.62
1461,2023-05-17,12.58,12.49,12.64,12.44,12.62,12.83
1462,2023-05-18,12.57,12.49,12.64,12.43,12.49,12.62
1463,2023-05-19,12.43,12.34,12.44,12.32,12.49,12.49
1464,2023-05-22,12.31,12.38,12.45,12.31,12.34,12.49
1465,2023-05-23,12.38,12.21,12.41,12.21,12.38,12.34
1466,2023-05-24,12.2,12.01,12.21,12.01,12.21,12.38
1467,2023-05-25,11.99,11.93,12.0,11.81,12.01,12.21
1468,2023-05-26,11.93,12.1,12.13,11.84,11.93,12.01
1469,2023-05-29,12.11,11.98,12.13,11.95,12.1,11.93
1470,2023-05-30,11.98,11.87,11.99,11.8,11.98,12.1
1471,2023-05-31,11.82,11.6,11.84,11.58,11.87,11.98
1472,2023-06-01,11.6,11.59,11.68,11.5,11.6,11.87
1473,2023-06-02,11.68,11.93,11.97,11.64,11.59,11.6
1474,2023-06-05,11.88,11.91,12.0,11.82,11.93,11.59
1475,2023-06-06,11.91,11.84,12.09,11.82,11.91,11.93
1476,2023-06-07,11.89,11.94,12.07,11.88,11.84,11.91
1477,2023-06-08,11.96,12.12,12.2,11.86,11.94,11.84
1478,2023-06-09,12.06,11.88,12.09,11.85,12.12,11.94
1479,2023-06-12,11.82,11.79,11.9,11.76,11.88,12.12
1480,2023-06-13,11.76,11.77,11.84,11.69,11.79,11.88
1481,2023-06-14,11.55,11.47,11.73,11.46,11.77,11.79
1482,2023-06-15,11.49,11.61,11.63,11.39,11.47,11.77
1483,2023-06-16,11.61,11.63,11.67,11.57,11.61,11.47
1484,2023-06-19,11.63,11.45,11.63,11.41,11.63,11.61
1485,2023-06-20,11.44,11.36,11.46,11.35,11.45,11.63
1486,2023-06-21,11.36,11.35,11.48,11.34,11.36,11.45
1487,2023-06-26,11.3,11.18,11.3,11.15,11.35,11.36
1488,2023-06-27,11.2,11.28,11.32,11.17,11.18,11.35
1489,2023-06-28,11.28,11.3,11.33,11.22,11.28,11.18
1490,2023-06-29,11.29,11.18,11.29,11.17,11.3,11.28
1491,2023-06-30,11.18,11.23,11.31,11.15,11.18,11.3
1492,2023-07-03,11.24,11.49,11.53,11.23,11.23,11.18
1493,2023-07-04,11.46,11.4,11.49,11.32,11.49,11.23
1494,2023-07-05,11.36,11.34,11.4,11.3,11.4,11.49
1495,2023-07-06,11.3,11.24,11.34,11.21,11.34,11.4
1496,2023-07-07,11.2,11.2,11.27,11.18,11.24,11.34
1497,2023-07-10,11.25,11.2,11.28,11.17,11.2,11.24
1498,2023-07-11,11.22,11.21,11.26,11.19,11.2,11.2
1499,2023-07-12,11.23,11.24,11.36,11.22,11.21,11.2
1500,2023-07-13,11.32,11.43,11.47,11.27,11.24,11.21
1501,2023-07-14,11.43,11.46,11.55,11.4,11.43,11.24
1502,2023-07-17,11.41,11.31,11.41,11.26,11.46,11.43
1503,2023-07-18,11.29,11.25,11.32,11.22,11.31,11.46
1504,2023-07-19,11.23,11.31,11.32,11.23,11.25,11.31
1505,2023-07-20,11.33,11.32,11.44,11.29,11.31,11.25
1506,2023-07-21,11.31,11.34,11.39,11.28,11.32,11.31
1507,2023-07-24,11.33,11.26,11.33,11.24,11.34,11.32
1508,2023-07-25,11.45,11.72,11.73,11.44,11.26,11.34
1509,2023-07-26,11.65,11.67,11.74,11.56,11.72,11.26
1510,2023-07-27,11.68,11.75,11.87,11.65,11.67,11.72
1511,2023-07-28,11.69,12.26,12.3,11.67,11.75,11.67
1512,2023-07-31,12.3,12.32,12.5,12.23,12.26,11.75
1513,2023-08-01,12.26,12.16,12.37,12.13,12.32,12.26
1514,2023-08-02,12.06,12.03,12.24,11.93,12.16,12.32
1515,2023-08-03,11.99,12.33,12.37,11.95,12.03,12.16
1516,2023-08-04,12.42,12.3,12.53,12.21,12.33,12.03
1517,2023-08-07,12.21,12.16,12.25,12.12,12.3,12.33
1518,2023-08-08,12.12,12.1,12.21,12.0,12.16,12.3
1519,2023-08-09,12.06,12.17,12.2,12.05,12.1,12.16
1520,2023-08-10,12.15,12.16,12.21,12.06,12.17,12.1
1521,2023-08-11,12.17,11.89,12.27,11.89,12.16,12.17
1522,2023-08-14,11.76,11.67,11.78,11.59,11.89,12.16
1523,2023-08-15,11.69,11.73,11.8,11.6,11.67,11.89
1524,2023-08-16,11.67,11.73,11.85,11.61,11.73,11.67
1525,2023-08-17,11.67,11.57,11.7,11.46,11.73,11.73
1526,2023-08-18,11.58,11.56,11.74,11.53,11.57,11.73
1527,2023-08-21,11.56,11.32,11.58,11.32,11.56,11.57
1528,2023-08-22,11.38,11.37,11.45,11.31,11.32,11.56
1529,2023-08-23,11.35,11.25,11.42,11.24,11.37,11.32
1530,2023-08-24,11.29,11.13,11.32,11.05,11.25,11.37
1531,2023-08-25,11.1,11.23,11.33,11.08,11.13,11.25
1532,2023-08-28,11.84,11.52,11.93,11.49,11.23,11.13
1533,2023-08-29,11.47,11.31,11.49,11.13,11.52,11.23
1534,2023-08-30,11.27,11.13,11.27,11.13,11.31,11.52
1535,2023-08-31,11.14,11.13,11.22,11.12,11.13,11.31
1536,2023-09-01,11.19,11.32,11.36,11.19,11.13,11.13
1537,2023-09-04,11.35,11.56,11.59,11.33,11.32,11.13
1538,2023-09-05,11.5,11.39,11.51,11.36,11.56,11.32
1539,2023-09-06,11.33,11.43,11.46,11.3,11.39,11.56
1540,2023-09-07,11.4,11.33,11.44,11.32,11.43,11.39
1541,2023-09-08,11.28,11.27,11.32,11.23,11.33,11.43
1542,2023-09-11,11.3,11.34,11.4,11.27,11.27,11.33
1543,2023-09-12,11.35,11.28,11.35,11.25,11.34,11.27
1544,2023-09-13,11.29,11.25,11.32,11.21,11.28,11.34
1545,2023-09-14,11.28,11.29,11.33,11.25,11.25,11.28
1546,2023-09-15,11.35,11.22,11.4,11.2,11.29,11.25
1547,2023-09-18,11.22,11.23,11.24,11.14,11.22,11.29
1548,2023-09-19,11.22,11.21,11.23,11.16,11.23,11.22
1549,2023-09-20,11.2,11.15,11.22,11.15,11.21,11.23
1550,2023-09-21,11.14,11.05,11.14,11.04,11.15,11.21
1551,2023-09-22,11.03,11.24,11.25,11.03,11.05,11.15
1552,2023-09-25,11.24,11.22,11.32,11.19,11.24,11.05
1553,2023-09-26,11.22,11.16,11.26,11.14,11.22,11.24
1554,2023-09-27,11.15,11.17,11.22,11.15,11.16,11.22
1555,2023-09-28,11.19,11.2,11.24,11.18,11.17,11.16
1556,2023-10-09,11.16,11.11,11.17,11.06,11.2,11.17
1557,2023-10-10,11.19,11.02,11.2,11.02,11.11,11.2
1558,2023-10-11,11.09,10.98,11.09,10.96,11.02,11.11
1559,2023-10-12,11.11,11.11,11.16,11.04,10.98,11.02
1560,2023-10-13,11.03,11.0,11.07,10.95,11.11,10.98
1561,2023-10-16,11.0,11.01,11.03,10.95,11.0,11.11
1562,2023-10-17,11.01,11.02,11.05,10.96,11.01,11.0
1563,2023-10-18,10.99,10.95,11.02,10.91,11.02,11.01
1564,2023-10-19,10.91,10.6,10.92,10.59,10.95,11.02
1565,2023-10-20,10.55,10.6,10.67,10.51,10.6,10.95
1566,2023-10-23,10.59,10.5,10.6,10.43,10.6,10.6
1567,2023-10-24,10.54,10.55,10.61,10.44,10.5,10.6
1568,2023-10-25,10.51,10.38,10.54,10.36,10.55,10.5
1569,2023-10-26,10.31,10.41,10.42,10.3,10.38,10.55
1570,2023-10-27,10.38,10.45,10.48,10.33,10.41,10.38
1571,2023-10-30,10.4,10.45,10.47,10.35,10.45,10.41
1572,2023-10-31,10.43,10.46,10.49,10.41,10.45,10.45
1573,2023-11-01,10.55,10.48,10.56,10.45,10.46,10.45
1574,2023-11-02,10.5,10.48,10.6,10.47,10.48,10.46
1575,2023-11-03,10.49,10.48,10.52,10.43,10.48,10.48
1576,2023-11-06,10.51,10.69,10.69,10.51,10.48,10.48
1577,2023-11-07,10.66,10.6,10.66,10.58,10.69,10.48
1578,2023-11-08,10.58,10.5,10.6,10.45,10.6,10.69
1579,2023-11-09,10.46,10.49,10.52,10.43,10.5,10.6
1580,2023-11-10,10.45,10.3,10.47,10.29,10.49,10.5
1581,2023-11-13,10.31,10.25,10.33,10.22,10.3,10.49
1582,2023-11-14,10.24,10.27,10.33,10.23,10.25,10.3
1583,2023-11-15,10.37,10.37,10.45,10.34,10.27,10.25
1584,2023-11-16,10.38,10.24,10.39,10.23,10.37,10.27
1585,2023-11-17,10.22,10.15,10.25,10.12,10.24,10.37
1586,2023-11-20,10.15,10.19,10.22,10.1,10.15,10.24
1587,2023-11-21,10.23,10.28,10.35,10.22,10.19,10.15
1588,2023-11-22,10.26,10.16,10.31,10.14,10.28,10.19
1589,2023-11-23,10.15,10.15,10.16,10.07,10.16,10.28
1590,2023-11-24,10.11,10.1,10.13,10.08,10.15,10.16
1591,2023-11-27,10.09,10.01,10.09,9.97,10.1,10.15
1592,2023-11-28,9.99,9.95,10.02,9.95,10.01,10.1
1593,2023-11-29,9.95,9.72,9.97,9.7,9.95,10.01
1594,2023-11-30,9.69,9.68,9.73,9.62,9.72,9.95
1595,2023-12-01,9.65,9.66,9.68,9.58,9.68,9.72
1596,2023-12-04,9.67,9.63,9.68,9.61,9.66,9.68
1597,2023-12-05,9.61,9.48,9.62,9.47,9.63,9.66
1598,2023-12-06,9.44,9.5,9.57,9.4,9.48,9.63
1599,2023-12-07,9.49,9.44,9.49,9.38,9.5,9.48
1600,2023-12-08,9.41,9.3,9.45,9.3,9.44,9.5
1601,2023-12-11,9.22,9.35,9.38,9.13,9.3,9.44
1602,2023-12-12,9.31,9.42,9.5,9.3,9.35,9.3
1603,2023-12-13,9.38,9.16,9.39,9.15,9.42,9.35
1604,2023-12-14,9.21,9.15,9.28,9.15,9.16,9.42
1605,2023-12-15,9.2,9.21,9.35,9.19,9.15,9.16
1606,2023-12-18,9.18,9.13,9.24,9.09,9.21,9.15
1607,2023-12-19,9.12,9.1,9.17,9.07,9.13,9.21
1608,2023-12-20,9.11,9.03,9.15,9.03,9.1,9.13
1609,2023-12-21,9.01,9.17,9.19,8.99,9.03,9.1
1610,2023-12-22,9.19,9.2,9.28,9.11,9.17,9.03
1611,2023-12-25,9.18,9.19,9.2,9.14,9.2,9.17
1612,2023-12-26,9.19,9.1,9.2,9.07,9.19,9.2
1613,2023-12-27,9.1,9.12,9.13,9.02,9.1,9.19
1614,2023-12-28,9.11,9.45,9.47,9.08,9.12,9.1
1615,2023-12-29,9.42,9.39,9.48,9.35,9.45,9.12
1616,2024-01-02,9.39,9.21,9.42,9.21,9.39,9.45
1617,2024-01-03,9.19,9.2,9.22,9.15,9.21,9.39
1618,2024-01-04,9.19,9.11,9.19,9.08,9.2,9.21
1619,2024-01-05,9.1,9.27,9.44,9.07,9.11,9.2
1620,2024-01-08,9.23,9.15,9.3,9.11,9.27,9.11
1621,2024-01-09,9.16,9.18,9.19,9.09,9.15,9.27
1622,2024-01-10,9.16,9.09,9.19,9.09,9.18,9.15
1623,2024-01-11,9.08,9.17,9.22,9.03,9.09,9.18
1624,2024-01-12,9.13,9.19,9.27,9.11,9.17,9.09
1625,2024-01-15,9.16,9.21,9.29,9.13,9.19,9.17
1626,2024-01-16,9.19,9.34,9.35,9.16,9.21,9.19
1627,2024-01-17,9.33,9.23,9.39,9.23,9.34,9.21
1628,2024-01-18,9.21,9.2,9.24,9.0,9.23,9.34
1629,2024-01-19,9.16,9.17,9.2,9.1,9.2,9.23
1630,2024-01-22,9.16,9.1,9.26,9.04,9.17,9.2
1631,2024-01-23,9.05,9.16,9.18,8.96,9.1,9.17
1632,2024-01-24,9.23,9.33,9.34,9.07,9.16,9.1
1633,2024-01-25,9.33,9.5,9.54,9.27,9.33,9.16
1634,2024-01-26,9.47,9.62,9.67,9.44,9.5,9.33
1635,2024-01-29,9.69,9.7,9.88,9.58,9.62,9.5
1636,2024-01-30,9.61,9.5,9.7,9.49,9.7,9.62
1637,2024-01-31,9.46,9.46,9.56,9.38,9.5,9.7
1638,2024-02-01,9.41,9.41,9.48,9.34,9.46,9.5
1639,2024-02-02,9.42,9.27,9.47,9.07,9.41,9.46
1640,2024-02-05,9.19,9.38,9.43,9.11,9.27,9.41
1641,2024-02-06,9.3,9.68,9.68,9.29,9.38,9.27
1642,2024-02-07,9.62,9.61,9.67,9.48,9.68,9.38
1643,2024-02-08,9.58,9.67,9.67,9.52,9.61,9.68
1644,2024-02-19,9.76,9.81,9.81,9.65,9.67,9.61
1645,2024-02-20,9.79,9.82,9.84,9.73,9.81,9.67
1646,2024-02-21,9.78,10.8,10.8,9.77,9.82,9.81
1647,2024-02-22,10.65,10.9,10.91,10.62,10.8,9.82
1648,2024-02-23,10.88,10.85,11.24,10.84,10.9,10.8
1649,2024-02-26,10.78,10.53,10.88,10.5,10.85,10.9
1650,2024-02-27,10.49,10.5,10.6,10.46,10.53,10.85
1651,2024-02-28,10.51,10.49,10.7,10.4,10.5,10.53
1652,2024-02-29,10.42,10.59,10.59,10.41,10.49,10.5
1653,2024-03-01,10.59,10.49,10.6,10.43,10.59,10.49
1654,2024-03-04,10.45,10.33,10.5,10.32,10.49,10.59
1655,2024-03-05,10.3,10.43,10.47,10.26,10.33,10.49
1656,2024-03-06,10.4,10.33,10.45,10.33,10.43,10.33
1657,2024-03-07,10.33,10.38,10.64,10.33,10.33,10.43
1658,2024-03-08,10.35,10.38,10.44,10.3,10.38,10.33
1659,2024-03-11,10.38,10.47,10.47,10.34,10.38,10.38
1660,2024-03-12,10.48,10.56,10.59,10.41,10.47,10.38
1661,2024-03-13,10.53,10.33,10.55,10.3,10.56,10.47
1662,2024-03-14,10.3,10.23,10.38,10.2,10.33,10.56
1663,2024-03-15,10.55,10.6,10.75,10.5,10.23,10.33
1664,2024-03-18,10.56,10.54,10.61,10.49,10.6,10.23
1665,2024-03-19,10.53,10.4,10.54,10.39,10.54,10.6
1666,2024-03-20,10.38,10.45,10.47,10.37,10.4,10.54
1667,2024-03-21,10.45,10.47,10.52,10.42,10.45,10.4
1668,2024-03-22,10.45,10.36,10.45,10.31,10.47,10.45
1669,2024-03-25,10.35,10.4,10.49,10.32,10.36,10.47
1670,2024-03-26,10.45,10.6,10.66,10.42,10.4,10.36
1671,2024-03-27,10.56,10.53,10.63,10.51,10.6,10.4
1672,2024-03-28,10.51,10.49,10.57,10.38,10.53,10.6
1673,2024-03-29,10.45,10.52,10.57,10.43,10.49,10.53
1674,2024-04-01,10.52,10.64,10.65,10.51,10.52,10.49
1675,2024-04-02,10.63,10.55,10.68,10.53,10.64,10.52
1676,2024-04-03,10.53,10.46,10.55,10.42,10.55,10.64
1677,2024-04-08,10.42,10.43,10.49,10.37,10.46,10.55
1678,2024-04-09,10.43,10.4,10.47,10.36,10.43,10.46
1679,2024-04-10,10.38,10.28,10.41,10.27,10.4,10.43
1680,2024-04-11,10.24,10.25,10.29,10.12,10.28,10.4
1681,2024-04-12,10.22,10.06,10.27,10.04,10.25,10.28
1682,2024-04-15,10.07,10.29,10.32,10.06,10.06,10.25
1683,2024-04-16,10.28,10.28,10.39,10.22,10.29,10.06
1684,2024-04-17,10.26,10.62,10.63,10.21,10.28,10.29
1685,2024-04-18,10.58,10.8,11.03,10.56,10.62,10.28
1686,2024-04-19,10.71,10.69,10.82,10.66,10.8,10.62
1687,2024-04-22,10.64,10.5,10.81,10.45,10.69,10.8
1688,2024-04-23,10.51,10.54,10.65,10.46,10.5,10.69
1689,2024-04-24,10.52,10.53,10.57,10.46,10.54,10.5
1690,2024-04-25,10.5,10.61,10.62,10.48,10.53,10.54
1691,2024-04-26,10.59,10.6,10.67,10.48,10.61,10.53
1692,2024-04-29,10.56,10.81,10.9,10.52,10.6,10.61
1693,2024-04-30,10.8,10.79,10.88,10.73,10.81,10.6
1694,2024-05-06,10.96,10.89,11.11,10.84,10.79,10.81
1695,2024-05-07,10.87,10.88,10.89,10.76,10.89,10.79
1696,2024-05-08,10.84,10.73,10.88,10.71,10.88,10.89
1697,2024-05-09,10.71,10.76,10.82,10.71,10.73,10.88
1698,2024-05-10,10.77,10.94,10.96,10.76,10.76,10.73
1699,2024-05-13,10.9,10.97,11.01,10.81,10.94,10.76
1700,2024-05-14,11.0,10.91,11.06,10.88,10.97,10.94
1701,2024-05-15,10.9,10.83,10.92,10.81,10.91,10.97
1702,2024-05-16,10.85,11.17,11.21,10.83,10.83,10.91
1703,2024-05-17,11.18,11.42,11.42,11.13,11.17,10.83
1704,2024-05-20,11.43,11.38,11.53,11.31,11.42,11.17
1705,2024-05-21,11.32,11.55,11.62,11.31,11.38,11.42
1706,2024-05-22,11.56,11.56,11.74,11.46,11.55,11.38
1707,2024-05-23,11.53,11.4,11.59,11.37,11.56,11.55
1708,2024-05-24,11.37,11.31,11.49,11.3,11.4,11.56
1709,2024-05-27,11.31,11.51,11.53,11.31,11.31,11.4
1710,2024-05-28,11.5,11.4,11.58,11.36,11.51,11.31
1711,2024-05-29,11.38,11.26,11.45,11.23,11.4,11.51
1712,2024-05-30,11.24,11.12,11.34,11.06,11.26,11.4
1713,2024-05-31,11.14,11.11,11.19,11.11,11.12,11.26
1714,2024-06-03,11.12,10.98,11.13,10.91,11.11,11.12
1715,2024-06-04,10.95,11.02,11.05,10.91,10.98,11.11
1716,2024-06-05,11.04,10.87,11.07,10.87,11.02,10.98
1717,2024-06-06,10.9,10.9,10.98,10.88,10.87,11.02
1718,2024-06-07,10.92,10.99,11.01,10.89,10.9,10.87
1719,2024-06-11,10.98,10.87,11.02,10.79,10.99,10.9
1720,2024-06-12,10.85,10.88,10.91,10.78,10.87,10.99
1721,2024-06-13,10.89,10.8,10.93,10.8,10.88,10.87
1722,2024-06-14,10.15,10.18,10.23,9.99,10.8,10.88
1723,2024-06-17,10.13,10.1,10.16,10.08,10.18,10.8
1724,2024-06-18,10.11,10.08,10.16,10.04,10.1,10.18
1725,2024-06-19,10.1,10.15,10.21,10.08,10.08,10.1
1726,2024-06-20,10.16,10.05,10.17,10.05,10.15,10.08
1727,2024-06-21,10.05,10.0,10.09,9.95,10.05,10.15
1728,2024-06-24,9.97,9.98,10.07,9.88,10.0,10.05
1729,2024-06-25,9.99,10.08,10.13,9.98,9.98,10.0
1730,2024-06-26,10.06,10.08,10.13,10.02,10.08,9.98
1731,2024-06-27,10.06,10.13,10.21,10.0,10.08,10.08
1732,2024-06-28,10.1,10.15,10.26,10.09,10.13,10.08
1733,2024-07-01,10.09,10.35,10.35,10.04,10.15,10.13
1734,2024-07-02,10.3,10.4,10.48,10.28,10.35,10.15
1735,2024-07-03,10.4,10.31,10.43,10.29,10.4,10.35
1736,2024-07-04,10.3,10.26,10.38,10.25,10.31,10.4
1737,2024-07-05,10.26,9.97,10.29,9.92,10.26,10.31
1738,2024-07-08,9.94,9.93,10.02,9.85,9.97,10.26
1739,2024-07-09,9.94,10.07,10.1,9.91,9.93,9.97
1740,2024-07-10,10.07,10.14,10.2,10.05,10.07,9.93
1741,2024-07-11,10.21,10.13,10.23,10.07,10.14,10.07
1742,2024-07-12,10.12,10.31,10.31,10.12,10.13,10.14
1743,2024-07-15,10.31,10.33,10.35,10.26,10.31,10.13
1744,2024-07-16,10.33,10.3,10.37,10.24,10.33,10.31
1745,2024-07-17,10.3,10.4,10.42,10.28,10.3,10.33
1746,2024-07-18,10.38,10.41,10.43,10.3,10.4,10.3
1747,2024-07-19,10.38,10.37,10.42,10.29,10.41,10.4
1748,2024-07-22,10.36,10.23,10.38,10.19,10.37,10.41
1749,2024-07-23,10.25,10.18,10.33,10.16,10.23,10.37
1750,2024-07-24,10.18,10.13,10.24,10.12,10.18,10.23
1751,2024-07-25,10.12,10.09,10.15,10.0,10.13,10.18
1752,2024-07-26,10.1,10.03,10.12,9.97,10.09,10.13
1753,2024-07-29,10.02,10.11,10.14,9.97,10.03,10.09
1754,2024-07-30,10.1,10.08,10.13,10.03,10.11,10.03
1755,2024-07-31,10.08,10.27,10.28,10.07,10.08,10.11
1756,2024-08-01,10.25,10.27,10.32,10.17,10.27,10.08
1757,2024-08-02,10.22,10.14,10.25,10.13,10.27,10.27
1758,2024-08-05,10.11,10.05,10.22,10.05,10.14,10.27
1759,2024-08-06,10.07,9.93,10.12,9.89,10.05,10.14
1760,2024-08-07,9.95,9.93,9.98,9.91,9.93,10.05
1761,2024-08-08,9.92,9.94,9.98,9.9,9.93,9.93
1762,2024-08-09,9.96,10.04,10.1,9.94,9.94,9.93
1763,2024-08-12,10.02,10.01,10.05,9.98,10.04,9.94
1764,2024-08-13,10.02,9.95,10.03,9.92,10.01,10.04
1765,2024-08-14,9.94,9.92,9.98,9.91,9.95,10.01
1766,2024-08-15,9.92,10.03,10.06,9.87,9.92,9.95
1767,2024-08-16,10.08,10.13,10.21,10.05,10.03,9.92
1768,2024-08-19,10.13,10.29,10.3,10.12,10.13,10.03
1769,2024-08-20,10.32,10.34,10.43,10.28,10.29,10.13
1770,2024-08-21,10.3,10.35,10.38,10.21,10.34,10.29
1771,2024-08-22,10.34,10.38,10.45,10.32,10.35,10.34
1772,2024-08-23,10.39,10.47,10.5,10.32,10.38,10.35
1773,2024-08-26,10.5,10.49,10.55,10.42,10.47,10.38
1774,2024-08-27,10.47,10.43,10.52,10.37,10.49,10.47
1775,2024-08-28,10.41,10.33,10.43,10.28,10.43,10.49
1776,2024-08-29,10.31,10.13,10.38,10.11,10.33,10.43
1777,2024-08-30,10.11,10.16,10.26,10.11,10.13,10.33
1778,2024-09-02,10.12,10.11,10.21,10.09,10.16,10.13
1779,2024-09-03,10.11,10.08,10.13,10.0,10.11,10.16
1780,2024-09-04,10.05,10.02,10.15,10.0,10.08,10.11
1781,2024-09-05,10.03,10.07,10.08,9.98,10.02,10.08
1782,2024-09-06,10.06,10.08,10.21,10.05,10.07,10.02
1783,2024-09-09,10.05,9.85,10.07,9.84,10.08,10.07
1784,2024-09-10,9.86,9.9,9.92,9.78,9.85,10.08
1785,2024-09-11,9.88,9.65,9.88,9.63,9.9,9.85
1786,2024-09-12,9.65,9.74,9.77,9.61,9.65,9.9
1787,2024-09-13,9.73,9.7,9.82,9.7,9.74,9.65
1788,2024-09-18,9.72,9.77,9.78,9.66,9.7,9.74
1789,2024-09-19,9.79,9.81,9.84,9.68,9.77,9.7
1790,2024-09-20,9.81,9.9,9.9,9.78,9.81,9.77
1791,2024-09-23,9.89,10.04,10.09,9.87,9.9,9.81
1792,2024-09-24,10.11,10.37,10.37,10.08,10.04,9.9
1793,2024-09-25,10.52,10.5,10.7,10.45,10.37,10.04
1794,2024-09-26,10.5,11.15,11.15,10.5,10.5,10.37
1795,2024-09-27,11.35,11.42,11.56,11.03,11.15,10.5
1796,2024-09-30,11.62,12.21,12.3,11.56,11.42,11.15
1797,2024-10-08,13.43,12.88,13.43,12.34,12.21,11.42
1798,2024-10-09,12.63,11.68,12.63,11.66,12.88,12.21
1799,2024-10-10,11.62,11.98,12.26,11.6,11.68,12.88
1800,2024-10-11,12.0,11.72,12.17,11.58,11.98,11.68
1801,2024-10-14,11.98,12.02,12.18,11.79,11.72,11.98
1802,2024-10-15,11.94,11.9,12.23,11.88,12.02,11.72
1803,2024-10-16,11.8,12.06,12.18,11.77,11.9,12.02
1804,2024-10-17,12.07,11.95,12.23,11.93,12.06,11.9
1805,2024-10-18,11.91,12.04,12.18,11.68,11.95,12.06
1806,2024-10-21,11.94,11.81,11.94,11.63,12.04,11.95
1807,2024-10-22,11.76,11.79,11.93,11.72,11.81,12.04
1808,2024-10-23,11.82,11.86,11.89,11.75,11.79,11.81
1809,2024-10-24,11.81,11.75,11.86,11.72,11.86,11.79
1810,2024-10-25,11.77,11.71,11.78,11.69,11.75,11.86
1811,2024-10-28,11.68,11.64,11.68,11.53,11.71,11.75
1812,2024-10-29,11.62,11.54,11.74,11.53,11.64,11.71
1813,2024-10-30,11.5,11.32,11.58,11.27,11.54,11.64
1814,2024-10-31,11.33,11.38,11.44,11.24,11.32,11.54
1815,2024-11-01,11.38,11.43,11.55,11.34,11.38,11.32
1816,2024-11-04,11.43,11.46,11.46,11.26,11.43,11.38
1817,2024-11-05,11.42,11.65,11.66,11.39,11.46,11.43
1818,2024-11-06,11.62,11.55,11.64,11.47,11.65,11.46
1819,2024-11-07,11.5,11.91,11.93,11.48,11.55,11.65
1820,2024-11-08,11.94,11.72,12.01,11.7,11.91,11.55
1821,2024-11-11,11.63,11.6,11.68,11.47,11.72,11.91
1822,2024-11-12,11.58,11.54,11.84,11.51,11.6,11.72
1823,2024-11-13,11.5,11.61,11.7,11.48,11.54,11.6
1824,2024-11-14,11.59,11.54,11.7,11.53,11.61,11.54
1825,2024-11-15,11.5,11.44,11.61,11.42,11.54,11.61
1826,2024-11-18,11.63,11.75,12.04,11.62,11.44,11.54
1827,2024-11-19,11.75,11.68,11.96,11.55,11.75,11.44
1828,2024-11-20,11.67,11.64,11.75,11.61,11.68,11.75
1829,2024-11-21,11.62,11.59,11.65,11.56,11.64,11.68
1830,2024-11-22,11.59,11.28,11.61,11.28,11.59,11.64
1831,2024-11-25,11.28,11.18,11.34,11.14,11.28,11.59
